Latency
13902
13918
13930
13946
13438
13454
13458
13470
13486
12970
12982
12994
13002
12518
12530
12542
12094
12110
12118
12126
11634
11646
11646
11662
11154
11166
11182
11186
11194
10702
10710
10718
6350
6366
6382
6390
5902
5906
5914
5934
5450
5458
5470
5486
4990
4998
5014
5018
5038
4522
4534
4542
4642
4234
4242
4254
4266
3762
3770
3786
3790
3798
3298
3306
6030
5546
5562
5674
5690
5714
5282
5502
5530
5546
5554
5574
5058
5066
5078
5090
5102
5110
4606
4618
4638
4642
4654
4666
4170
4186
4194
4206
4218
4222
3726
3738
5314
5334
5378
5398
5406
5430
4926
4938
4946
4962
4970
4982
4474
4486
4506
4514
4530
4538
4034
4046
4058
4058
4074
4090
3598
3610
3686
3710
3730
3286
3298
3314
5830
5498
5518
5538
5550
5558
5574
5062
5078
5094
5106
5114
5126
4614
4626
4638
4642
4662
4234
4242
4254
4266
4274
3786
3798
3806
3822
3834
3838
3346
3358
3362
6034
5538
5542
5566
5674
5686
5710
5190
5202
5214
5226
5238
4810
4826
4834
4846
4858
4862
4362
4386
4394
4406
4418
4426
3926
3942
3946
3958
3974
3982
3482
3498
5482
5490
5682
5698
5710
5730
5230
5238
5254
5266
5274
5290
4778
4782
4802
4814
4818
4834
4338
4342
4354
4366
4370
4386
3902
3906
3922
3934
3938
3498
3510
3518
5314
5326
5390
5430
5450
5466
4974
4986
4994
5010
5022
5030
4530
4534
4554
4566
4622
4646
4134
4150
4154
4170
4182
3754
3770
3774
3786
3798
3814
3318
3326
3342
6026
5530
5574
5602
5670
5682
5190
5198
5210
5222
5234
4790
4806
4814
4826
4838
4846
4338
4354
4362
4374
4390
4398
3898
3910
3922
3926
3942
3950
3458
3478
3478
5322
5342
5354
5374
5598
5618
5122
5134
5142
5154
5170
5182
4670
4686
4698
4706
4718
4734
4226
4242
4246
4262
4274
4282
3782
3794
3802
3818
3826
3834
3342
3354
5650
5666
5674
5682
5698
5714
5206
5214
5234
5242
5250
5266
4762
4770
4782
4794
4806
4818
4314
4326
4342
4346
4358
3938
3938
3954
3966
3974
3982
3474
3482
3494
5330
5342
5410
5426
5442
5730
5246
5262
5274
5282
5290
4858
4874
4878
4902
4906
4918
4402
4410
4422
4434
4442
4458
3962
3970
3978
3990
3998
4006
3522
3530
3538
5798
5306
5342
5358
5374
5386
4958
4974
4982
4994
5002
5014
4506
4522
4526
4542
4550
4566
4062
4070
4086
4094
4106
4178
3682
3698
3714
3730
3742
3758
3266
3282
5826
5326
5342
5350
5362
5370
5394
4886
4902
4914
4918
4934
4942
4438
4458
4470
4486
4494
4502
4002
4010
4022
4038
4046
3610
3626
3638
3650
3758
3774
3274
3290
5702
5718
5222
5238
5250
5262
5274
5298
4790
4806
4818
4826
4834
4846
4338
4354
4366
4370
4386
3958
3966
3982
3994
4002
4018
3518
3522
3534
3546
3594
3606
3118
5630
5642
5682
5174
5182
5202
5390
5402
4970
4990
4998
5018
5030
5038
4530
4542
4554
4566
4574
4586
4098
4106
4114
4130
4138
4150
3646
3650
3662
3678
3682
3698
5722
5754
5814
5826
5314
5334
5346
5350
5366
5378
4870
4882
4898
4906
4918
4930
4430
4442
4458
4458
4470
4486
3986
3994
4010
4018
4030
4042
3542
3550
3566
3578
5662
5690
5706
5198
5206
5218
5230
5234
5250
4738
4750
4758
4774
4782
4798
4306
4314
4326
4338
4350
3918
3930
3942
3950
3962
3970
3462
3478
3478
3490
3506
3518
5526
5538
5550
5830
5858
5334
5354
5358
5374
5378
4946
4958
4966
4974
4986
5002
4494
4502
4510
4522
4538
4542
4066
4082
4090
4098
4114
4126
3602
3626
3634
3642
5470
5490
5534
5554
5566
5250
5262
5274
5290
5294
5302
4802
4810
4822
4830
4846
4858
4350
4358
4366
4382
4390
4398
3914
3922
3934
3946
3958
3962
3450
3462
3474
5382
5410
5454
5466
5482
5490
4986
5002
5014
5022
5030
5042
4538
4542
4554
4570
4582
4590
4106
4118
4122
4134
4478
4046
4058
4074
4082
4094
4106
3602
3622
3630
5802
5318
5338
5342
5366
5374
5386
4894
4906
4922
4934
4950
4958
4442
4462
4462
4482
4490
4066
4070
4090
4094
4182
4198
3722
3738
3754
3766
3770
3786
3278
3286
6026
6034
5542
5550
5570
5574
5586
5158
5170
5178
5194
5202
5214
4694
4710
4722
4726
4742
4754
4250
4266
4274
4282
4298
4310
3814
3830
3838
3842
3858
3870
3366
5722
5746
5794
5298
5306
5358
5374
5394
5410
4918
4930
4942
4946
4958
4970
4462
4482
4494
4502
4510
4518
4026
4042
4050
4058
4078
4086
3578
3582
3602
3614
3618
5674
5698
5234
5258
5266
5278
5294
5298
4794
4810
4818
4830
4846
4854
4334
4350
4354
4366
4382
4250
4270
4282
4290
4306
4318
3826
3842
3842
3854
3870
3882
3374
5626
5642
5662
5670
5186
5202
5210
5218
5226
4790
4798
4814
4830
4834
4846
4354
4362
4370
4386
4394
4402
3898
3906
3918
3922
3938
3950
3458
3462
3470
3486
3502
5306
5322
5338
5350
5358
4910
4930
4942
4954
4962
4974
4490
4498
4506
4606
4622
4646
4138
4154
4158
4170
4178
4194
3710
3726
3738
3746
3766
3770
3270
3286
3298
5722
5222
5282
5314
5322
5490
5498
5002
5010
5026
5034
5050
5058
4566
4574
4582
4590
4606
4614
4118
4130
4142
4150
4162
3726
3730
3742
3758
3762
3778
3290
3294
5690
5706
5238
5246
5262
5270
5282
5294
4802
4826
4834
4842
4858
4874
4370
4378
4394
4402
4418
3986
3990
4006
4018
4022
4038
3546
3550
3566
3578
3586
3594
3094
5654
5682
5698
5182
5198
5210
5222
5234
4806
4814
4834
4846
4854
4862
4362
4370
4378
4390
4402
4414
3926
3934
3942
3954
3966
3970
3462
3478
3490
3498
3514
3522
5566
5582
5594
5606
5106
5202
5254
5266
5282
5298
4790
4798
4818
4822
4834
4846
4354
4362
4378
4386
4394
4410
3910
3918
3934
3942
3950
3958
3454
3458
3470
3482
5294
5326
5366
5394
5410
5422
5142
5150
5158
5178
5186
5202
4702
4710
4718
4730
4742
4758
4258
4270
4278
4290
4298
3870
3886
3890
3906
3918
3930
3422
3442
3454
6162
5698
5770
5778
5790
5818
5830
5322
5334
5346
5354
5366
4922
4926
4938
4954
4958
4970
4478
4486
4494
4506
4514
4022
4038
4046
4054
4066
4074
3570
3582
3602
5530
5542
5562
5670
5686
5702
5254
5266
5286
5294
5306
4802
4818
4826
4846
4858
4866
4354
4374
4382
4390
4402
4414
3926
3930
3942
3958
3958
3974
3478
3486
3490
5382
5394
5402
5594
5614
5634
5130
5142
5154
5162
5170
5182
4670
4682
4694
4702
4718
4722
4238
4246
4258
4266
4274
3842
3850
3862
3874
3886
3898
3402
3410
3418
5726
5234
5282
5298
5306
5342
5366
4862
4878
4886
4894
4918
4926
4414
4426
4434
4442
4458
4018
4026
4042
4050
4058
4070
3586
3590
3710
3726
3734
3750
3246
3254
5694
5706
5242
5266
5286
5298
5310
4870
4878
4894
4902
4914
4930
4418
4434
4442
4454
4462
4470
3986
3994
4002
4290
4306
4310
3826
3838
3846
3858
3874
3878
3374
5558
5582
5602
5082
5194
5210
5226
5234
5250
4770
4782
4786
4806
4818
4826
4322
4334
4334
4350
4362
4370
3886
3898
3902
3914
3930
3938
3430
3442
3450
3458
3474
5770
5782
5798
5810
5826
5314
5322
5334
5342
5358
5374
4882
4898
4902
4914
4930
4930
4414
4430
4442
4454
4462
4034
4042
4062
4070
4074
4090
3586
3598
3610
3618
5598
5618
5666
5682
5690
5706
5222
5234
5246
5262
5270
4838
4846
4862
4870
4886
4894
4374
4390
4418
4430
4446
4450
3958
3974
3990
3994
4010
4014
3522
3530
3538
5514
5534
5562
5910
5474
5482
5498
5502
5514
5526
5038
5046
5058
5070
5078
5090
4570
4594
4602
4610
4626
4638
4146
4154
4170
4182
4194
4198
3698
3710
3722
3730
5710
5746
5766
5782
5790
5806
5302
5310
5322
5334
5346
5358
4862
4870
4886
4890
4898
4918
4402
4414
4430
4434
4450
4022
4030
4042
4054
4066
4070
3562
3574
3586
5530
5558
5654
5702
5202
5214
5218
5234
5242
5254
4754
4762
4778
4786
4802
4358
4374
4382
4398
4402
4410
3922
3938
3954
3954
3974
3982
3478
3490
3502
3510
3526
5358
5370
5410
5430
5450
5026
5038
5058
5066
5086
5102
4606
4618
4946
4958
4966
4982
4470
4482
4498
4506
4514
4534
4042
4042
4054
4070
4078
4094
3602
3610
3618
5306
5346
5382
5402
5418
5426
4918
4934
4942
4946
4954
4966
4478
4490
4498
4506
4522
4530
4022
4038
4046
4058
4070
4074
3578
3590
3598
3678
3690
3254
3270
3278
5814
5842
5350
5362
5382
5398
5414
5422
4910
4934
4954
4970
4982
4990
4498
4514
4522
4534
4550
4130
4138
4178
4194
4210
4238
3734
4034
4046
4058
4070
4082
3586
5714
5730
5226
5242
5254
5274
5286
4850
4858
4866
4882
4894
4906
4410
4422
4430
4442
4454
4458
3970
3982
3994
4006
4018
4030
3526
3538
3542
3558
3590
3610
3162
5694
5710
5546
5566
5582
5594
5606
5614
5118
5130
5142
5154
5158
5170
4670
4686
4694
4702
4710
4722
4234
4246
4254
4266
4278
4286
3774
3782
3794
3806
3814
3386
5774
5802
5846
5334
5346
5362
5374
5378
5394
4886
4894
4902
4918
4926
4942
4450
4450
4466
4478
4482
4058
4070
4078
4090
4102
4110
3614
3690
3698
3710
3726
3730
5678
5694
5706
5202
5218
5222
5230
5246
5254
4742
4758
4766
4778
4790
4346
4362
4370
4378
4394
4398
3918
3934
3934
3946
4230
4242
3734
3742
3750
3774
3778
3790
5526
5546
5558
5678
5246
5258
5274
5290
5298
5310
4798
4814
4830
4834
4846
4858
4358
4374
4382
4390
4398
4414
3914
3926
3938
3950
3958
3970
3474
3482
3490
3506
5298
5318
5378
5390
5398
5418
4918
4930
4942
4954
4966
4978
4474
4482
4498
4506
4526
4534
4030
4046
4058
4062
4074
4090
3590
3702
3718
3722
3734
3302
3310
3322
6166
5678
5734
5746
5758
5770
5782
5286
5298
5310
5322
5330
5346
4826
4830
4846
4850
4866
4682
4694
4702
4722
4734
4746
4238
4254
4262
4278
4290
4298
3802
3810
5526
5538
5642
5654
5238
5242
5250
5262
5278
5290
4782
4794
4806
4822
4826
4838
4330
4342
4354
4366
4374
4386
3902
3914
3922
3938
3950
3958
3454
3462
3470
3490
5354
5358
5370
5390
5402
5410
4914
4922
4934
4942
4954
4962
4470
4478
4494
4518
4522
4534
4022
4026
4038
4054
4062
4074
3598
3666
3698
3714
3722
3306
3318
3330
5770
5266
5314
5322
5342
5354
5366
4878
4890
4906
4918
4926
4938
4422
4434
4442
4450
4466
4030
4042
4054
4070
4090
4098
3690
3710
3718
3730
3734
3754
3266
3278
5702
5730
5270
5282
5294
5302
5322
5334
4822
4834
4846
4854
4870
4430
4438
4454
4466
4474
4486
3986
3994
4010
4022
4030
4046
3550
3558
3570
3582
3590
3602
3410
5646
5658
5686
5238
5250
5266
5274
5282
4798
4814
4830
4842
4854
4866
4354
4362
4378
4386
4398
4414
3910
3922
3934
3946
3954
3966
3478
3490
3498
3506
3518
3090
5338
5358
5370
5378
5390
4874
4882
4902
4914
4922
4938
4450
4462
4478
4490
4502
4506
4002
4018
4030
4034
4050
4062
3562
3574
3582
3666
3690
3262
3290
3314
3322
5622
5638
5170
5190
5206
5218
5230
5234
4726
4746
4758
4762
4778
4790
4294
4302
4314
4326
4342
3914
3930
3938
3954
3966
3966
3466
3482
3490
3498
3510
3518
3026
5386
5422
5462
5486
4974
4990
5010
5010
5026
4590
4598
4610
4618
4702
4714
4210
4218
4230
4250
4258
4262
3778
3790
3798
3802
3818
3826
3326
3350
3366
3386
3402
5762
5262
5278
5290
5298
4862
4874
4890
4898
4914
4930
4438
4450
4482
4486
4502
4514
4006
4022
4030
4038
4050
4066
3566
3574
3594
3606
3682
3698
3190
3206
3218
5614
5758
5266
5286
5290
5306
5322
5330
4822
4838
4854
4858
4870
4882
4370
4378
4390
4402
4410
4418
3938
3946
3962
3970
3978
3538
3550
3558
3574
3582
3594
3102
5338
5358
5406
5438
4946
4962
5082
5094
5110
5126
4622
4634
4646
4654
4662
4674
4170
4186
4198
4206
4210
3794
3806
3810
3826
3830
3842
3346
3358
3366
3382
3390
5686
5190
5238
5258
5274
5286
5302
4794
4798
4814
4822
4830
4398
4406
4414
4430
4442
4446
3954
3966
3970
3986
3998
4006
3506
3514
3522
3534
3550
3550
3078
3082
5510
5522
5534
5086
5214
5214
5230
5246
5262
4762
4778
4786
4798
4806
4818
4306
4326
4338
4350
4358
4374
3878
3890
3902
3910
3926
3934
3438
3446
3462
3474
3486
5658
5378
5398
5422
5426
5438
5454
4954
4966
4982
4994
4994
5010
4510
4518
4526
4538
4550
4562
4054
4066
4082
4094
4102
4114
3602
3618
3626
3634
3650
3214
3222
5354
5370
5438
5454
4946
4966
4974
4998
5014
5030
4526
4534
4542
4562
4570
4578
4078
4094
4098
4114
4202
3770
3790
3806
3810
3826
3838
3334
3354
3362
3370
3386
5758
5406
5426
5430
5446
5462
4962
4966
4974
4986
4998
5010
4494
4514
4522
4530
4546
4114
4122
4134
4146
4154
4166
3670
3682
3690
3706
3722
3730
3222
3234
3242
5634
5646
5154
5166
5178
5194
5202
4774
4778
4794
4806
4818
4826
4326
4346
4362
4362
4382
4398
3902
3914
3926
3934
3950
3958
3462
3470
3490
3494
3506
3522
3014
5482
5498
5510
5010
5018
5034
5046
5058
5066
4562
4574
4590
4610
4622
4698
4194
4210
4218
4550
4570
4582
4094
4114
4118
4130
4142
4150
3654
3662
3678
3690
3698
5194
5210
5266
5270
5286
5326
4830
4838
4850
4862
4870
4886
4386
4394
4462
4474
4482
4498
3986
3998
4002
4018
4030
3610
3614
3626
3638
3646
3678
3198
3214
3226
5470
5482
5538
5030
5038
5054
5066
5138
5162
4674
4686
4694
4714
4718
4282
4294
4310
4314
4330
4338
3846
3858
3874
3882
3898
3902
3394
3410
3426
3434
3446
3454
5150
5162
5178
5190
5202
5218
5234
4726
4734
4754
4762
4774
4342
4374
4386
4394
4402
4422
3918
3934
3938
3950
3958
3974
3466
3478
3810
3834
3842
3854
3362
3370
5514
5526
5542
5198
5214
5226
5246
5266
5270
4778
4790
4798
4806
4814
4830
4322
4334
4342
4350
4358
4374
3890
3898
3918
3922
3938
3950
3442
3454
3466
3474
3490
5214
5238
5302
5314
5338
5354
4866
4882
4894
4902
4918
4926
4418
4430
4446
4462
4470
4474
3970
3982
3986
3998
4010
4018
3818
3834
3842
3862
3874
3426
3438
3454
5646
5678
5190
5202
5210
5226
5234
5250
4762
4770
4782
4798
4810
4822
4310
4322
4334
4342
4358
3938
3950
3958
3970
3978
3990
3482
3490
3506
3514
3518
3530
3030
5646
5658
5674
5690
5186
5202
5210
5222
5234
4802
4810
4822
4830
4846
4858
4342
4354
4374
4382
4386
4402
3906
3914
3930
3938
3950
3962
3474
3486
3494
3514
3518
5682
5186
5202
5214
5226
5238
4806
4826
4838
4854
4866
4870
4382
4390
4402
4422
4430
4438
3926
4262
4266
4286
4298
4306
3822
3834
3842
3858
3870
3878
3382
3394
5422
5434
5482
4986
4998
5018
5038
5046
5058
4562
4570
4578
4594
4606
4618
4118
4186
4198
4214
4226
4230
3738
3754
3758
3774
3786
3354
3362
3370
3390
3402
3410
5282
5294
5342
5350
5366
5378
4874
4882
4890
4906
4918
4926
4414
4426
4434
4450
4458
4466
3978
3994
3998
4010
4022
3586
3598
3610
3698
3718
3730
3222
3234
3250
5642
5662
5162
5174
5182
5198
5210
5222
4714
4730
4742
4750
4758
4322
4330
4342
4354
4362
4378
3894
3898
3910
3922
3938
3946
3442
3454
3462
3482
3482
3498
2994
5322
5330
5626
5646
5206
5210
5218
5234
5242
5254
4754
4766
4770
4786
4802
4810
4294
4310
4322
4330
4346
4350
3862
3874
3886
3894
3906
3914
3414
3430
3438
3446
5686
5258
5306
5334
5354
5370
4878
4898
4902
4914
4930
4938
4422
4434
4446
4454
4470
4478
3986
3998
4006
4018
4034
4042
3554
3566
3574
3590
3594
3154
3166
3258
5470
5494
5542
5038
5050
5058
5078
5094
5102
4606
4618
4626
4710
4730
4746
4230
4246
4254
4270
4278
3846
3858
3874
3882
3894
3906
3402
3414
3426
3434
3442
3458
5422
5430
5442
5458
5470
5482
4986
4990
5006
5022
5030
5046
4554
4558
4574
4586
4586
4146
4158
4166
4182
4190
4198
3702
3710
3714
3734
3746
3754
3250
3266
3274
5514
5526
5538
5018
5034
5142
5158
5170
4758
4766
4778
4794
4802
4814
4314
4330
4330
4346
4358
4366
3882
3890
3898
3914
3926
3934
3430
3438
3442
3458
3470
3478
5270
5270
5482
5514
5526
5022
5038
5050
5058
5070
5078
4570
4582
4594
4606
4614
4630
4134
4138
4154
4170
4174
4190
3690
3694
3710
3718
3730
3738
3234
3242
3254
5694
5738
5286
5302
5310
5326
5338
5346
4842
4850
4858
4874
4886
4894
4390
4402
4410
4422
4434
4442
3954
3974
3982
3994
4010
3562
3574
3590
3598
3602
3622
3118
5318
5322
5334
5350
5362
4854
4866
4878
4894
4910
4922
4418
4426
4446
4462
4470
4030
4038
4054
4062
4070
4090
3682
3706
3722
3738
3754
3762
3270
3282
3290
3298
5734
5242
5254
5262
5274
5294
5306
4798
4806
4814
4830
4838
4402
4434
4454
4470
4474
4490
4002
4014
4026
4034
4046
4054
3554
3562
3574
3586
3594
3610
3182
3194
5602
5626
5674
5230
5250
5266
5278
5290
4806
4814
4830
4842
4850
4858
4358
4366
4382
4390
4398
4410
3910
3926
3938
3942
3958
3970
3482
3494
3510
3514
3530
3086
5386
5422
5454
5462
4970
4982
4998
5010
5014
5030
4530
4542
4542
4562
4874
4890
4382
4394
4402
4418
4430
4438
3946
3958
3966
3982
3994
3550
3562
3574
3578
3594
5214
5226
5242
5262
5274
5286
4782
4802
4810
4826
4834
4850
4346
4370
4386
4398
4410
3978
3990
3998
4014
4018
4034
3534
3542
3554
3570
3574
3598
3202
3214
3226
5898
5902
5918
5406
5426
5438
5454
5462
5014
5026
5042
5042
5058
5070
4570
4574
4586
4594
4606
4134
4142
4154
4166
4174
4186
3674
3686
3694
3714
3722
3730
3230
5274
5294
5326
5350
4918
4950
4958
4974
4986
4998
4494
4506
4518
4530
4546
4558
4038
4054
4070
4078
4090
4098
3690
3710
3726
3742
3754
3766
3258
3262
3278
3290
5762
5274
5314
5330
5334
5350
5366
4850
4866
4878
4886
4898
4918
4398
4414
4430
4438
4450
4462
3970
3982
3994
4002
4014
3582
3598
3606
3618
3630
3638
3130
3138
5366
5382
5390
5402
5234
5250
5262
5274
5282
5298
4790
4802
4814
4826
4842
4854
4334
4350
4362
4370
4382
3966
3978
3986
3994
4006
4018
3522
3534
3538
3554
3562
5710
5206
5218
5234
5250
5262
5270
4770
4786
4798
4810
4818
4386
4394
4402
4410
4426
4434
3938
3950
3958
3970
3978
3994
3498
3514
3522
3538
3550
3590
3114
3126
5486
5502
5546
5206
5218
5230
5250
5274
5278
4786
4802
4814
4822
4830
4850
4330
4342
4358
4366
4378
4394
3906
3926
3934
3942
3954
3970
3474
3482
3494
3506
3514
5210
5230
5274
5290
5302
5314
4822
4834
4842
4858
4870
4878
4378
4394
4398
4410
4422
4438
3926
3930
3946
3958
3962
3978
3478
3486
3498
3510
3522
3090
3102
3110
5578
5610
5618
5110
5210
5234
5250
5262
5278
4774
4786
4798
4810
4814
4830
4330
4338
4346
4362
4374
3938
3954
3966
3974
3990
3998
3498
3518
3526
3534
3546
3558
5266
5270
5282
5298
5318
5338
4838
4850
4862
4870
4886
4902
4382
4394
4410
4418
4434
3998
4006
4018
4034
4042
4050
3570
3578
3586
3670
3690
3702
3226
3242
3254
5602
5630
5154
5170
5182
5194
5206
4770
4786
4798
4810
4818
4834
4330
4338
4350
4358
4374
4386
3894
3902
3914
3922
3930
3942
3446
3454
3466
3470
3486
3498
2994
5494
5518
5526
5542
5038
5046
5062
5070
5078
5094
4598
4606
4622
4630
4638
4650
4134
4142
4158
4170
4178
4206
3738
3750
3762
3770
3778
3790
3290
3306
3314
3326
5714
5218
5226
5242
5258
5262
5274
4778
4790
4802
4814
4818
4834
4334
4346
4362
4366
4390
4398
3886
3894
3906
3918
3934
3510
3518
3530
3542
3550
3562
3070
3126
5650
5670
5686
5706
5186
5202
5210
5226
5238
5246
4766
4774
4786
4790
4802
4358
4374
4386
4398
4406
4418
3914
3926
3938
3950
3962
3970
3474
3486
3494
3510
3514
5650
5154
5182
5198
5218
5238
5250
4742
4766
4782
4798
4806
4374
4382
4398
4406
4414
4422
3922
3930
3942
3954
3970
3974
3482
3494
3502
3514
3526
3538
3034
3046
5634
5666
5270
5290
5298
5314
5330
5334
4838
4846
4858
4866
4882
4890
4382
4398
4406
4418
4434
4650
4166
4178
4186
4198
4214
4222
3722
3734
3742
3754
3758
3326
5382
5410
5426
5434
4930
4942
4954
4974
4982
4994
4494
4502
4518
4526
4534
4546
4046
4054
4062
4074
4090
4098
3698
3714
3738
3754
3762
3318
3338
3342
3354
3366
5690
5210
5222
5234
5246
5262
5274
4766
4770
4782
4798
4806
4822
4294
4306
4314
4338
4350
3922
3942
3950
3962
3974
3986
3486
3510
3522
3530
3538
3554
3058
3074
5470
5486
5542
5034
5146
5394
5418
5422
4990
4994
5014
5022
5034
5038
4538
4546
4558
4562
4574
4590
4082
4102
4110
4118
4130
4142
3654
3666
3682
3690
3702
3710
5250
5278
5310
5318
5338
4906
4922
4934
4938
4954
4966
4462
4478
4486
4490
4510
4522
4014
4030
4034
4042
4054
4070
3566
3582
3594
3678
3690
3710
3202
3214
3230
5722
5966
5466
5470
5494
5502
5514
5526
5014
5026
5034
5050
5058
5070
4578
4590
4598
4610
4626
4630
4126
4142
4154
4162
4170
3730
3746
3758
3770
3782
3790
3290
5382
5406
5422
5438
4938
4942
4958
4970
4974
4986
4482
4494
4506
4514
4530
4550
4162
4190
4198
4214
4222
3790
3806
3814
3822
3830
3846
3346
3350
3370
3382
3386
5690
5214
5270
5290
5306
5314
4806
4810
4826
4834
4846
4410
4422
4430
4450
4458
4474
3962
3982
3994
4006
4010
4050
3562
3570
3586
3598
3610
3614
3118
3158
3174
5518
5554
5294
5310
5330
5342
5354
5370
4870
4878
4886
4902
4914
4914
4398
4414
4422
4438
4450
4454
3974
3986
3994
4010
4022
4026
3526
3538
3550
3562
3570
3578
5346
5350
5362
5382
5390
4894
4910
4922
4930
4946
4954
4450
4462
4474
4486
4506
4510
4006
4022
4030
4038
4050
4066
3570
3582
3690
3706
3734
3310
3318
3334
3346
5598
5734
5238
5246
5258
5274
5294
5310
4814
4822
4830
4842
4862
4862
4350
4362
4382
4386
4402
3970
3978
3994
4006
4006
4022
3526
3534
3550
3554
3562
3578
3090
5306
5326
5386
5398
5410
4926
4934
4954
4974
4982
4990
4486
4502
4510
4522
4530
4098
4106
4210
4222
4254
4258
3774
3790
3798
3810
3826
3834
3330
3342
3358
3370
5658
5702
5210
5226
5234
5246
5258
4826
4838
4846
4858
4874
4890
4374
4386
4398
4406
4418
4430
4206
4226
4234
4250
4258
4274
3758
3774
3782
3802
3806
3822
3326
5374
5406
5426
5438
4930
4942
4950
4966
4978
4978
4482
4490
4506
4518
4526
4538
4042
4050
4062
4066
4082
4090
3590
3598
3690
3714
3726
3742
3242
3250
3270
3278
5278
5294
5298
5318
5322
5334
4850
4858
4874
4882
4898
4910
4394
4414
4422
4438
4438
4450
3958
3970
3982
3998
4006
3574
3578
3662
3682
3698
3702
3222
3242
3254
5610
5622
5154
5178
5190
5198
5222
5234
4730
4738
4754
4762
4774
4334
4350
4358
4370
4378
4394
3894
3906
3918
3926
3942
3954
3446
3458
3474
3486
3498
3514
3006
5506
5526
5574
5582
5082
5142
5166
5178
5198
4754
4766
4770
4786
4802
4810
4310
4314
4330
4342
4350
4366
3882
3886
3902
3914
3922
3938
3430
3438
3454
3470
3478
5242
5262
5278
5294
5306
5318
4826
4830
4846
4854
4866
4878
4362
4378
4394
4402
4410
4426
3914
3930
3946
3954
3962
3978
3490
3498
3514
3522
3530
3098
3110
3114
5574
5590
5610
5098
5110
5206
5226
5246
5262
4774
4786
4790
4806
4826
4830
4318
4330
4338
4354
4366
4370
3882
3894
3902
3918
3922
3482
3502
3514
3526
3550
3566
5206
5226
5266
5282
5294
5334
4826
4834
4846
4862
4874
4890
4386
4394
4406
4422
4434
4006
4266
4286
4302
4310
4318
3822
3838
3850
3858
3870
3890
3390
3398
3410
5502
5542
5578
5054
5134
5138
5158
5178
4754
4766
4778
4786
4806
4814
4302
4314
4326
4330
4350
4358
3862
3878
3890
3894
3906
3918
3422
3426
3442
3450
3462
3474
5270
5286
5302
5314
5322
4886
4894
4906
4918
4930
4938
4442
4454
4470
4478
4494
4502
3998
4010
4022
4034
4042
4046
3558
3574
3582
3598
3694
3706
3206
3218
3226
16778
16794
16310
16322
16334
16346
16362
16374
15850
15858
15874
15886
15898
15910
15398
15410
15422
15434
15446
15458
14982
14998
15010
15026
15034
3582
3662
3682
3698
3230
3242
3266
5470
5486
5826
5306
5322
5342
5350
5362
5370
4866
4874
4890
4902
4914
4478
4490
4502
4514
4522
4534
4042
4054
4062
4070
4082
4098
3598
3610
3622
3630
3646
3658
5118
5154
5218
5238
5250
5258
4822
4838
4850
4862
4878
4890
4382
4394
4406
4414
4426
4442
4458
3942
3950
3966
3978
3986
3998
3510
3518
3534
3546
3550
3566
3062
5186
5194
5214
5230
4782
4794
4810
4826
4830
4846
4358
4366
4374
4394
4406
4414
4426
3914
3922
3938
3954
3954
3970
3474
3482
3494
3506
3510
3526
3042
3098
3106
5366
5442
5466
4958
4978
4994
5002
5014
5022
4514
4534
4542
4546
4562
4578
4070
4086
4094
4102
4114
4126
4134
3634
3646
3694
3710
3722
3586
3614
3626
3630
3646
5414
4914
4962
4994
5006
5034
5054
4542
4554
4566
4582
4594
4602
4614
4106
4122
4178
4194
4210
4218
3734
3750
3778
3790
3798
3806
3374
3390
3394
3410
3422
3434
17262
17282
17338
17366
17398
17406
17418
4442
4450
4466
4478
4486
4502
3986
3994
4006
4018
4022
4038
4050
4054
3554
3562
3570
3586
3602
3606
3622
3154
3166
3186
3198
4830
4850
4874
4366
4374
4386
4398
4406
4414
4434
4446
3942
3970
3978
3990
4002
4014
4022
4030
3534
3546
3562
3574
3578
3914
3930
3938
3434
3446
3462
3474
3482
4942
4950
4446
4458
4470
4494
4506
4518
4534
4542
4050
4062
4074
4086
4098
4178
4246
4254
3738
4002
4026
4038
4050
4058
4074
3586
3602
3610
3630
3638
3646
3658
4642
4662
4710
4738
4750
4770
4782
4790
4286
4306
4318
4326
4338
4354
4362
4374
3866
3878
3894
3898
3910
3918
3938
3438
3442
3458
3470
3478
3490
3502
3510
3010
4738
4758
4806
4826
4842
4854
4350
4362
4370
4382
4394
4398
4414
3910
3918
3930
3942
3954
3974
4262
4290
3786
3794
3810
3818
3826
3842
3854
3362
3374
3390
3394
4822
4838
4854
4350
4358
4374
4382
4398
4410
4418
4434
3926
3938
3946
3962
3974
3982
3990
4006
3510
3518
3530
3542
3890
3910
3922
3930
3430
3442
3454
3466
3482
4934
4938
4950
4450
4466
4482
4498
4510
4522
4526
4034
4046
4054
4066
4078
4090
4242
4250
3734
3750
3762
3766
3782
3794
3798
3326
3338
3338
3354
3366
3370
3382
4498
4530
4566
4590
4678
4714
4734
4746
4754
4250
4262
4270
4286
4298
4306
4314
4330
3826
3834
3842
3854
3862
3874
3890
3390
3402
3414
3422
3430
3442
3458
3458
4550
4602
4630
4658
4714
4734
4746
4762
4262
4270
4282
4294
4306
4318
4330
4334
3842
3862
3866
3878
3890
3894
3918
3926
3398
3410
3662
3682
3690
3702
3710
3238
4686
4710
4726
4734
4742
4754
4770
4270
4278
4290
4302
4314
4330
4338
4346
3830
3834
3854
3866
3874
3886
3898
3402
3414
3426
3430
3446
3458
3466
3474
2978
2990
4690
4702
4710
4726
4734
4770
4330
4342
4350
4366
4382
4394
4398
3918
3926
3934
3950
3958
3970
3982
3990
3466
3486
3494
3510
3522
3530
3546
3050
3078
3106
3166
4722
4734
4782
4354
4358
4386
4406
4422
4430
4434
4458
3950
3962
3974
3986
3998
4010
4014
4030
3522
3526
3538
3550
3570
3582
3666
3194
3482
3502
3514
3530
3534
5118
5154
4790
4806
4822
4826
4842
4850
4866
4878
4366
4378
4394
4398
4418
4422
4438
4454
3950
3958
3970
3978
3986
4006
4010
3514
3526
3538
3550
3562
3574
3582
5146
4650
4674
4686
4698
4706
4722
4282
4294
4302
4318
4326
4342
4350
4362
3862
3870
3878
3894
3906
3914
3930
3938
3426
3694
3706
3722
3742
3754
3762
3782
3290
4618
4646
4658
4666
4678
4686
4266
4282
4294
4306
4314
4330
4338
4346
3846
3862
3870
3878
3890
3898
3914
3922
3418
3434
3494
3518
3534
3546
3554
3374
3390
3398
4738
4766
4806
4822
4374
4402
4418
4434
4446
4458
4462
4478
3990
3998
4058
4074
4082
4094
4106
4114
3598
3610
3622
3626
3674
3682
3702
3234
3246
3262
3270
3282
4962
4994
5042
4550
4566
4966
4982
4990
5014
4578
4586
4598
4610
4622
4634
4642
4658
4158
4170
4178
4194
4202
4214
4218
3714
3726
3742
3754
3754
3770
3782
3790
4646
4666
4682
4690
4698
4710
4726
4286
4298
4306
4318
4334
4342
4362
4366
3866
3870
3886
3898
3906
3922
3938
3950
3438
3450
3458
3486
3502
3830
3850
3374
3382
4750
4778
4790
4802
4354
4362
4382
4390
4406
4418
4426
4438
3934
3946
3958
3978
3986
4002
4014
4022
3522
3534
3550
3558
3570
3582
3670
3178
3190
3242
3254
3266
4830
4842
4906
4410
4426
4462
4786
4802
4810
4830
4370
4382
4398
4406
4418
4430
4446
4454
3958
3966
3978
3982
3994
4010
4018
3526
3534
3546
3558
3578
3586
3594
5130
4638
4914
4938
4946
4958
4974
4542
4550
4566
4582
4582
4598
4610
4618
4106
4114
4130
4142
4150
4166
4174
3670
3686
3694
3702
3718
3730
3734
3750
3246
3254
4698
4718
4730
4738
4746
4306
4314
4330
4342
4354
4374
4378
4394
3898
3906
3922
3930
3942
3958
3970
3970
3466
3478
3486
3494
3506
3514
3530
3046
3058
3070
3130
4786
4798
5126
5138
5154
4654
4666
4678
4682
4698
4706
4266
4286
4294
4302
4318
4326
4334
4350
3846
3854
3870
3874
3882
3898
3906
3406
3418
3430
3434
3450
3462
5098
5114
4654
4750
4770
4782
4802
4806
4374
4386
4398
4410
4422
4430
4442
4458
3934
3946
3954
3970
3978
3986
3998
3510
3518
3530
3534
3550
3562
3566
3082
3094
4686
4714
4758
4766
4782
4794
4358
4370
4378
4394
4406
4414
4426
3930
3938
3954
3962
3966
3982
3998
4006
3506
3518
3526
3538
3550
3558
3570
3074
3086
3162
3178
4782
4798
4810
4818
4306
4446
4466
4474
4490
4506
4522
4082
4094
4102
4110
4122
4134
4146
4154
3646
3658
3666
3678
3682
3698
3710
3214
3226
3242
3250
3262
3270
5026
5042
5054
4642
4650
4678
4722
4742
4746
4330
4342
4354
4358
4374
4382
4398
4406
3886
3898
3906
3922
3930
3938
3950
3458
3470
3482
3490
3498
3514
3526
3534
4594
4610
4646
4678
4694
4702
4726
4310
4318
4334
4354
4358
4374
4390
4398
3874
3890
3902
3906
3918
3930
3934
3450
3458
3470
3482
3494
3502
3514
3526
3030
3046
4734
4766
4794
4814
4838
4850
4858
4350
4358
4370
4378
4398
4406
3970
3986
3998
4002
4018
4030
4038
4050
3550
3562
3570
3582
3590
3658
3678
3190
3194
3210
3458
4886
4906
4922
4422
4434
4442
4458
4466
4478
4494
4046
4054
4070
4074
4090
4194
4202
4214
3722
3730
3738
3758
3766
3770
3790
3294
3302
3314
3326
3334
3342
3358
5142
5154
4658
4662
4686
4702
4710
4722
4282
4286
4302
4310
4318
4330
4342
4350
3846
3858
3866
3882
3890
3898
3914
3414
3422
3438
3450
3454
3470
3482
2986
3002
4646
4662
4722
4738
4750
4782
4794
4286
4294
4310
4318
4330
4342
3902
3918
3934
3946
3950
3962
3978
3986
3482
3490
3498
3778
3802
3810
3826
3338
3350
3362
3366
4766
4806
4822
4846
4862
4346
4354
4366
4382
4390
4398
3970
3982
3994
4006
4014
4022
4038
4054
3542
3558
3566
3574
3594
3682
3694
3222
3242
3242
3258
3270
3274
4874
4886
4894
4410
4414
4430
4442
4450
4462
4474
4042
4050
4070
4082
4090
4098
4178
4226
3718
3730
3742
3758
3766
3778
3790
3290
3298
3310
3326
3334
3342
3354
5134
4634
4650
4662
4678
4686
4694
4706
4718
4218
4226
4238
4246
4262
4578
4142
4154
4170
4182
4190
4206
4218
3718
3734
3738
3754
3766
3774
3786
3794
3294
3314
4702
4718
4762
4774
4790
4806
4306
4318
4338
4346
4362
4370
3950
3962
3966
3978
3994
4002
4022
4034
3522
3538
3550
3562
3570
3586
3662
3182
3198
3214
3230
3246
4838
4866
4918
4418
4426
4434
4458
4474
4482
4490
4050
4058
4074
4078
4090
4106
4118
4126
3670
3690
3702
3710
3738
3750
3754
3274
3294
3298
3310
3330
3338
3346
5134
5394
4902
4914
4922
4934
4942
4958
4962
4466
4478
4486
4498
4510
4522
4530
4086
4102
4114
4118
4130
4146
4154
4166
3662
3670
3682
3694
3710
3714
3730
3230
4702
4722
4734
4746
4754
4766
4774
4266
4282
4290
4306
4322
4334
3902
3918
3930
3934
3950
3962
3970
3982
3478
3486
3502
3518
3522
3538
3550
3050
3086
3170
3182
4722
4734
4774
4802
4814
4330
4334
4350
4362
4370
4390
3942
3950
3962
3978
3990
3998
4006
4018
3510
3518
3534
3542
3558
3574
3586
3686
3202
3214
3230
3238
3246
4850
5222
5242
4738
4754
4766
4782
4786
4802
4810
4818
4318
4326
4342
4350
4362
4370
4386
3942
3946
3954
3970
3986
3990
4002
3522
3526
3542
3558
3570
3574
3586
5134
5154
4666
4670
4686
4698
4714
4726
4742
4242
4250
4266
4282
4298
4314
4326
3874
3894
3902
3906
3918
3934
3942
3454
3466
3474
3486
3498
3506
3518
3026
3034
4722
4730
4746
4758
4766
4778
4794
4282
4298
4310
4314
4402
4410
3978
3986
4006
4010
4026
4034
4046
4054
3554
3562
3574
3590
3594
3606
3618
3142
3150
3162
3174
4722
4742
5034
5050
5058
4554
4570
4578
4586
4602
4614
4622
4126
4134
4150
4162
4170
4182
4194
3746
3762
3774
3778
3794
3806
3810
3330
3342
3346
3362
3374
3378
5122
5142
5210
4710
4726
4742
4754
4762
4774
4782
4794
4278
4290
4298
4306
4322
4334
3902
3910
3922
3930
3938
3954
3966
3462
3482
3494
3502
3518
3530
3538
3046
4706
4714
4730
4738
4750
4762
4778
4278
4294
4310
4314
4322
4330
3902
3910
3922
3934
3938
3950
3970
3982
3462
3478
3494
3502
3514
3522
3530
3546
3046
3054
3070
4850
4866
4878
4890
4906
4398
4410
4418
4434
4438
4454
4470
3958
3970
3986
3998
4010
4022
4030
3586
3602
3674
3682
3706
3714
3718
3242
3258
3270
3282
3294
3298
5082
5106
5162
4666
4678
4694
4710
4726
4738
4750
4238
4250
4266
4282
4290
4302
3858
3874
3882
3894
3902
3914
3930
3934
3438
3450
3462
3474
3478
3494
3506
3006
4710
4726
4758
4770
4794
4802
4818
4302
4314
4326
4342
4350
4362
3938
3946
3958
3970
3974
3990
4002
4010
3502
3514
3518
3534
3546
3550
3570
3078
3086
3146
3178
4806
4834
4850
4862
4882
4374
4382
4398
4402
4410
4422
4438
4446
3954
3962
3978
3986
4006
4018
3566
3582
3634
3674
3690
3706
3714
3226
3242
3250
3266
3274
3282
5150
5170
4674
4698
4718
4730
4738
4750
4770
4774
4262
4278
4298
4306
4318
4334
3894
3902
3914
3918
3934
3942
3950
3466
3478
3494
3502
3518
3530
3534
3546
3042
4514
4542
4698
4714
4734
4746
4754
4274
4294
4306
4314
4330
4338
4346
3914
3922
3938
3950
3966
3974
3982
3994
3486
3498
3510
3518
3530
3542
3554
3558
3070
3082
4698
4730
4766
4786
4798
4810
4298
4310
4318
4338
4346
4354
4362
4378
3874
3886
3894
3906
3918
3926
3938
3498
3502
3526
3534
3542
3550
3566
3082
3090
3102
3110
4742
4754
4778
4794
4802
4298
4306
4314
4330
4342
4362
4362
4374
3882
3890
3906
3914
3926
3942
3502
3514
3526
3530
3546
3558
3566
3578
3174
3194
3210
3222
3230
4842
4866
4882
4386
4402
4426
4442
4446
4462
4470
4486
3974
3982
3994
4006
4010
4022
4038
3594
3606
3618
3630
3638
3726
3762
3266
3278
3294
3306
3318
3326
3334
4990
5010
4550
4574
4578
4590
4606
4730
4754
4250
4258
4274
4286
4290
4306
4310
4330
3822
3830
3838
3850
3862
3878
3442
3458
3470
3474
3486
3498
3502
3522
3026
4674
4706
4762
4778
4790
4810
4822
4830
4334
4342
4350
4366
4378
4386
4398
3890
3898
3910
3922
3934
3946
3958
3518
3530
3542
3546
3562
3574
3582
3594
3098
3110
4750
4766
4778
4798
4822
4834
4326
4334
4346
4358
4370
4378
4394
3910
3918
3934
3942
3954
3962
3970
3526
3546
3554
3562
3574
3586
3594
3098
3114
3118
3130
3150
4782
4794
4806
4818
4338
4354
4362
4378
4386
4402
4414
4422
3918
3938
3946
3958
3974
3978
3990
4006
3498
3506
3514
3526
3542
3550
3126
3138
3238
3294
3298
3314
5042
5054
4574
4690
4706
4722
4738
4754
4766
4778
4266
4282
4290
4302
4314
4322
4338
4350
3842
3858
3870
3874
3890
3906
3482
3498
3506
3514
3530
3538
3542
3558
5078
4582
4786
4798
4818
4830
4842
4854
4342
4354
4370
4378
4394
4402
4410
4422
3926
3934
3950
3962
3962
3978
3990
3542
3546
3562
3570
3586
3598
3610
3110
3126
4702
4714
4730
4742
4750
4766
4250
4258
4262
4278
4290
4302
4310
4322
3822
3838
3846
3858
3870
3878
3894
3398
3402
3418
3430
3438
3450
3462
3026
3046
3058
3062
4766
4790
4802
4834
4330
4330
4354
4366
4378
4386
4402
4410
3914
3926
3938
3942
3958
3970
3978
3994
3474
3486
3502
3514
3522
3538
3114
3122
3138
3270
3290
3310
4826
4858
4890
4390
4402
4438
4450
4462
4470
4482
4498
3978
3990
4002
4014
4022
4034
4046
4062
3566
3574
3590
3602
3658
3686
3270
3282
3290
3298
3314
3326
3338
5206
5258
4782
4802
4814
4822
4842
4854
4858
4362
4374
4374
4394
4406
4414
4426
4442
3934
3946
3958
3970
3978
3990
4002
3498
3506
3518
3526
3542
3554
3122
3134
4690
4706
4734
4738
4746
4762
4774
4262
4274
4286
4306
4310
4326
4342
3834
3846
3858
3874
3950
3970
3982
3994
3490
3502
3514
3518
3534
3546
3126
3130
3154
3158
4762
4778
4794
4818
4822
4322
4338
4354
4358
4370
4378
4394
4402
3898
3910
3922
3934
3938
3958
3966
3978
3474
3490
3494
3518
3530
3546
3106
3118
3150
3234
3250
4794
4814
4862
4374
4390
4406
4430
4450
4458
4466
4482
3970
3978
3986
3998
4006
4026
4034
4038
3530
3542
3558
3574
3586
3674
3690
3214
3222
3234
3242
3258
3266
5078
4598
4638
4714
4722
4738
4746
4758
4774
4258
4270
4298
4314
4318
4334
4342
4350
3854
3866
3874
3886
3894
3902
3918
3418
3418
3434
3446
3458
3470
3046
3054
4666
4678
4690
4710
4718
4734
4746
4242
4258
4266
4274
4290
4302
4310
4326
3818
3826
3838
3850
3858
3866
3882
3390
3398
3414
3426
3438
3454
3458
3022
3042
3050
4686
4710
4726
4738
4746
4754
4246
4262
4270
4282
4298
4310
4314
3826
3834
3846
3862
3874
3882
3898
3906
3394
3410
3422
3426
3442
3458
3462
3474
2994
3022
3034
4658
4670
4730
4742
4758
4258
4274
4290
4302
4310
4330
4342
4354
3854
3862
3874
3878
3894
3906
3918
3926
3410
3422
3434
3442
3454
3470
3478
3482
3002
3014
3026
4786
4810
4834
4854
4358
4362
4382
4394
4402
4414
4422
4430
3938
3950
3954
3970
3982
3994
4010
4022
3506
3526
3538
3542
3554
3570
3578
3086
3102
3182
3190
3206
4850
4862
4882
4386
4398
4414
4426
4434
4454
4462
4482
3978
3986
3998
4014
4026
4034
4054
4058
3546
3558
3574
3674
3686
3702
3730
3246
3254
3286
3290
3314
3322
4890
4902
4450
4458
4470
4494
4522
4538
4546
4062
4074
4078
4094
4106
4122
4126
4226
3710
3730
3746
3758
3766
3778
3786
3294
3306
3322
3322
3338
3354
3362
3374
4666
4686
4722
4742
4758
4766
4782
4802
4290
4310
4322
4330
4334
4350
4358
4370
3838
3850
3866
3874
3890
3894
3910
3922
3434
3442
3454
3462
3470
3486
3494
3006
4690
4714
4770
4782
4786
4802
4302
4306
4322
4334
4342
4358
4366
4378
3870
3878
3890
3898
3910
3922
3930
3938
3438
3450
3458
3474
3482
3490
3506
3510
3022
3038
4626
4646
4658
4674
4690
4246
4258
4266
4274
4294
4302
4310
4322
3834
3846
3854
3866
3878
3886
3906
3918
3406
3426
3438
3442
3462
3474
3482
3542
3050
3062
3082
4682
4690
4718
4730
4738
4286
4306
4310
4322
4338
4350
4362
3858
3874
3890
3898
3906
3918
3926
3942
3430
3438
3454
3466
3474
3490
3498
3506
3026
3066
3074
3094
4762
4774
4838
4398
4406
4438
4458
4474
4478
4490
4502
3986
4002
4014
4026
4034
4050
4058
4070
3574
3578
3594
3670
3682
3706
3714
3218
3234
3246
3254
3270
3274
4846
4874
4918
4430
4438
4454
4462
4474
4482
4502
4062
4062
4078
4094
4102
4118
4130
4134
3686
3702
3714
3722
3734
3750
3770
3294
3310
3318
3334
3342
3354
3370
5026
5162
4650
4662
4674
4686
4702
4714
4278
4298
4306
4314
4330
4342
4350
4366
3854
3858
3874
3890
3894
3910
3918
3422
3430
3446
3450
3466
3482
3486
3502
2994
4674
4690
4702
4714
4730
4742
4298
4306
4322
4334
4342
4354
4370
3866
3882
3910
3914
3930
3942
3950
3962
3450
3458
3474
3482
3498
3506
3414
3426
3442
3454
3458
3474
3486
2994
4634
4650
4662
4670
4686
4702
4254
4258
4274
4278
4294
4302
4310
4326
3822
3830
3838
3854
3862
3870
3886
3394
3398
3418
3430
3438
3450
3458
3470
2974
2982
2994
4766
4786
4794
4810
4814
4822
4326
4338
4350
4358
4370
4390
3950
3970
3990
4006
4014
4026
4034
4050
3542
3558
3570
3578
3590
3682
3702
3210
3226
3230
3242
3262
4790
4814
4862
4866
4354
4378
4386
4402
4418
4426
4018
4030
4042
4050
4066
4078
4086
4090
3682
3686
3706
3718
3734
3750
3766
3278
3286
3302
3314
3318
3334
3342
5122
5158
4722
4750
4766
4778
4790
4798
4354
4366
4378
4386
4398
4410
4418
4426
3930
3942
3946
3958
3970
3978
3994
3482
3486
3498
3518
3526
3538
3546
3558
3070
4694
4710
4726
4742
4750
4766
4774
4262
4274
4290
4298
4306
4874
4886
4906
4918
4418
4426
4446
4466
4482
4490
4058
4070
4082
4082
4106
4114
4218
4234
3734
3742
5126
5146
4682
4698
4718
4730
4746
4758
4318
4334
4346
4354
4366
4382
4386
4402
3886
3898
3914
3926
3934
3938
3954
3462
3474
3486
3498
3506
3518
3526
3026
3038
4642
4670
4722
4734
4742
4754
4766
4262
4274
4282
4290
4302
4318
4334
3894
3906
3914
3930
3934
3950
3958
3970
3450
3466
3474
3478
3506
3514
3522
3030
3046
3058
4766
4774
4790
4802
4818
4290
4302
4318
4338
4354
4362
3946
3970
3978
3994
4006
4018
4026
4042
3530
3538
3554
3566
3574
3590
3678
3190
3214
3234
3242
3254
3266
4958
4966
4974
4478
4498
4510
4518
4534
4630
4198
4218
4230
4242
4254
4266
4282
4294
3770
3786
3798
3802
3818
3830
3838
3346
3358
3366
3382
3394
3398
3414
3426
4578
4594
4634
4658
4674
4686
4694
4710
4726
4214
4222
4238
4254
4258
4278
3846
3854
3870
3878
3882
3902
3914
3414
3426
3438
3450
3466
3478
3482
3502
2990
2998
4754
4790
4806
4822
4842
4854
4350
4362
4374
4390
4398
4410
3986
3994
4002
4018
4022
4038
4054
4062
3546
3562
3574
3582
3594
3678
3690
3202
3214
3222
3238
3246
4862
4882
4902
4914
4410
4422
4434
4442
4458
4466
4022
4038
4050
4058
4074
4090
4146
4202
3698
3710
3730
3742
3750
3762
3778
3278
3290
3306
3318
3322
3338
3346
5130
5142
4650
4662
4674
4690
4706
4722
4734
4742
4238
4250
4258
4270
4282
4290
3846
3858
3862
3874
3890
3898
3914
3422
3426
3442
3450
3458
3474
3482
3490
2994
3526
3538
3550
3062
3074
3086
4798
4818
4854
4866
4882
4370
4378
4398
4406
4418
4426
3998
4006
4014
4030
4042
4054
4062
4074
3566
3578
3594
3882
3906
3918
3934
3438
3454
3466
3470
3486
3498
4882
4902
4910
4418
4434
4438
4454
4466
4478
4486
4498
3982
3990
4006
4014
4026
4078
3686
3710
3726
3738
3746
3758
3770
3778
3294
3306
3310
3326
3338
3346
3362
5134
4642
4658
4670
4678
4694
4706
4722
4230
4246
4262
4274
4274
4290
4306
3838
3846
3858
3866
3882
3894
3906
3414
3430
3438
3446
3462
3474
3478
3494
2998
3006
4682
4698
4738
4770
4778
4826
4838
4330
4338
4354
4366
4374
4390
3958
4230
4246
4258
4270
4282
4294
4302
3806
3818
3826
3838
3854
3862
3878
3382
3390
3406
3414
4778
4798
4838
4854
4342
4362
4370
4386
4390
4410
4418
4426
3926
3938
3954
3962
3974
3982
3998
3554
3562
3574
3590
3642
3658
3694
3214
3222
3238
3242
3250
3266
5134
5154
4658
4670
4678
4690
4706
4714
4726
4222
4230
4250
4262
4274
4290
3898
3918
3930
3946
3954
3966
3986
3998
3486
3502
3510
3518
3530
3542
3550
3062
3078
4706
5010
5022
5030
5046
5062
5074
4562
4570
4582
4598
4610
4614
4182
4202
4206
4222
4234
4250
4258
4270
3762
3778
3790
3794
3810
3822
3834
3342
3354
3358
3374
4794
4818
4866
4890
4386
4414
4434
4446
4462
4470
4478
4490
3982
3990
4006
4018
4022
4038
3706
3714
3726
3746
3750
3758
3774
3290
5350
4854
4870
4882
4890
4910
4922
4930
4422
4434
4442
4458
4466
4474
4490
4046
4054
4070
4082
4090
4106
4118
4126
3614
3630
3638
3646
3662
3678
3682
3202
3210
4698
4714
4734
4746
4762
4774
4786
4274
4286
4302
4310
4322
4334
4346
3842
3850
3866
3878
3890
3902
3914
3470
3486
3494
3506
3518
3526
3542
3042
3074
3090
3102
4718
4734
4782
4798
4814
4314
4322
4338
4362
4366
4382
4390
4398
3898
3902
3914
3922
3930
3946
3958
3518
3530
3542
3550
3562
3570
3578
3158
3198
3206
3222
3230
5138
5162
5174
4670
4682
4690
4698
4714
4730
4738
4754
4254
4258
4274
4286
4294
4302
4318
3870
3886
3898
3902
3918
3926
3934
3454
3466
3470
3482
3494
3502
3522
5090
5278
4778
4798
4810
4822
4830
4846
4854
4354
4370
4382
4390
4398
4410
4418
4434
3918
3930
3938
3954
3966
3970
3542
3554
3558
3574
3586
3594
3614
3626
3126
4714
4726
4734
4750
4758
4766
4782
4266
4274
4286
4302
4314
4318
4330
3838
3854
3866
3874
3890
3898
3906
3466
3478
3490
3506
3514
3522
3538
3550
3046
3058
3074
4710
4726
4774
4786
4794
4458
4474
4490
4506
4522
4534
4542
4546
4046
4050
4062
4074
4078
4094
4102
3666
3674
3682
3702
3714
3718
3734
3242
3250
3262
3274
3282
4826
4854
4898
4398
4414
4426
4430
4446
4454
4470
4478
3974
3982
3998
4010
4018
4030
4042
4054
3550
3566
3578
3586
3598
3610
3246
3270
3286
3294
3306
3318
3330
5194
5222
4742
4758
4762
4774
4790
4802
4810
4310
4322
4334
4342
4358
4370
4374
4390
3870
3878
3890
3898
3906
3922
3490
3498
3514
3530
3534
3550
3558
3062
3078
4702
4802
4814
4818
4830
4850
4866
4342
4358
4358
4374
4386
4398
4406
3914
3930
3946
3954
3962
3978
3990
3538
3550
3558
3570
3586
3594
3602
3114
3130
3146
3146
4734
4738
4802
4822
4834
4362
4378
4390
4402
4414
4426
4434
3934
3950
3962
3970
3994
4006
4014
4026
3526
3538
3542
3558
3570
3586
3150
3162
3222
3246
3258
3266
4822
4858
4902
4394
4398
4414
4430
4442
4454
4458
4474
3970
3978
3990
4006
4010
4026
4034
4042
3554
3558
3566
3582
3594
3598
3234
3266
3274
3286
3298
3306
3322
5114
5190
4706
4714
4726
4754
4766
4786
4794
4302
4318
4330
4346
4354
4366
4374
4390
3870
3878
3890
3902
3906
3922
3934
3490
3502
3514
3518
3838
3850
3854
3374
4714
4722
4754
4766
4778
4790
4794
4818
4306
4314
4330
4342
4350
4358
4374
3886
3898
3906
3914
3930
3942
3950
3966
3454
3466
3486
3498
3502
3518
3098
3126
3138
4666
4678
4714
4730
4746
4274
4294
4306
4314
4322
4338
4350
4934
4942
4958
4970
4450
4466
4474
4482
4494
4510
4518
4530
4034
4038
4054
4066
4074
4086
4098
4106
3614
3622
3626
3646
3658
3698
3602
3614
3634
3650
3658
3670
4954
4962
4970
4486
4490
4502
4514
4530
4542
4554
4562
4066
4082
4190
4198
4214
4230
4238
4246
3738
6770
6286
6302
6306
6322
5834
5842
5854
5866
5878
5378
5386
5394
4958
4970
4982
4994
4494
4506
4530
4538
4558
4058
4070
4074
4362
4378
3890
3906
3918
3926
3418
4894
4910
4470
4482
4490
4514
4534
4546
4558
4566
4070
4078
4090
4098
4114
4146
4182
4202
3694
3742
3766
3774
3782
3794
3814
3318
3330
3338
3354
3366
3374
3386
4690
4722
4734
4750
4758
4770
4794
4798
4306
4310
4326
4338
4354
4354
4370
4382
3862
3878
3890
3894
3914
3926
3934
3446
3454
3462
3478
3490
3498
3510
3522
3006
5094
5110
5118
5130
5138
5154
4654
4658
4674
4678
4694
4706
4714
4218
4226
4238
4250
4258
4266
4278
4290
3782
3794
3794
3814
3822
3830
3842
3362
3370
3386
3398
4930
4974
4986
4478
4498
4514
4522
4534
4546
4558
4574
4062
4070
4086
4098
4162
4194
4202
3706
3722
3730
3742
3758
3766
3782
3290
3302
3310
3318
3330
3338
3354
4530
4646
4726
4730
4746
4754
4778
4798
4306
4310
4326
4338
4346
4358
4374
4378
3862
3878
3886
3898
3910
3918
3934
3946
3438
3454
3462
3470
3482
3498
3506
3022
4898
4914
4934
4946
4966
4974
4466
4478
4490
4498
4506
4518
4534
4546
4038
4042
4062
4070
4078
4094
4102
3602
3618
3630
3638
3654
3666
3670
3686
3186
3186
3202
4750
4766
4778
4786
4802
4290
4310
4326
4334
4350
4362
4366
3890
3902
3914
3930
3934
3950
3958
3966
3462
3474
3486
3494
3522
3534
3538
3554
3062
3066
3082
3094
4978
5022
5038
4610
4706
4742
4774
4782
4790
4802
4822
4310
4318
4334
4350
4354
4374
4378
3870
3886
3898
3906
3922
3930
3934
3946
3458
3466
3482
3490
3498
3514
4822
4394
4442
4494
4510
4730
4746
4754
4770
4262
4274
4282
4290
4306
4318
4326
4338
3830
3842
3850
3866
3878
3878
3890
3906
3402
3410
3422
3430
3446
3454
3466
4678
4710
4734
4742
4750
4766
4778
4794
4286
4302
4306
4322
4338
4342
4358
4366
3846
3862
3874
3874
3890
3906
3914
3430
3434
3442
3454
3470
3478
3486
3502
3006
4618
4638
4662
4674
4682
4702
4262
4270
4274
4294
4306
4306
4322
3842
3850
3866
3878
3882
3898
3910
3918
3414
3426
3434
3446
3466
3474
3486
3498
3006
3022
3030
4714
4990
4998
5014
4574
4590
4602
4610
4618
4634
4642
4658
4158
4174
4182
4202
4210
4218
4230
4242
3730
3746
3754
3762
3770
3790
3802
3806
3318
3326
3334
3350
4742
4762
4826
4386
4398
4434
4450
4462
4470
4482
4494
3990
4002
4010
4018
4030
4046
4062
4066
3574
3582
3590
3674
3702
3714
3726
3230
3234
3250
3262
3270
3282
5134
5162
5178
4682
4698
4706
4714
4730
4746
4306
4314
4330
5326
4826
4834
4850
4862
4878
4886
4462
4466
4478
4498
4510
4510
4526
4538
4046
4054
4066
4078
4086
4102
4110
4118
3602
3614
3622
3634
3646
3654
3670
3682
3186
4666
4694
4714
4722
4738
4742
4302
4314
4326
4334
4338
4362
4370
4378
3886
3898
3902
3930
3946
3962
5130
5150
5158
4666
4682
4694
4706
4714
4730
4290
4298
4310
4322
4334
4346
4354
4362
3846
3862
3870
3886
3894
3902
3918
3430
3438
3450
3458
3466
3482
3490
3498
5146
4646
4654
4670
4682
4690
4698
4270
4282
4290
4298
4310
4322
4330
4350
3838
3850
3862
3874
3886
3898
3906
3410
3422
3434
3438
3450
3462
3478
3482
2986
2990
4714
4746
4762
4782
4794
4802
4294
4302
4318
4342
4354
4362
3930
3938
3950
3962
3970
3986
3998
4006
3498
3510
3514
3530
3542
3550
3566
3078
3494
3510
3522
3530
4870
4890
4938
4954
4438
4458
4470
4478
4494
4502
4082
4090
4098
4178
4194
4210
4214
4230
3730
3738
3754
3766
3770
3786
3798
3306
3322
3330
3346
3358
3370
3374
5134
4646
4658
4682
4694
4706
4714
4286
4298
4306
4314
4326
4338
4350
4358
3850
3862
3870
3882
3898
3906
3914
3926
3422
3430
3450
3458
3466
3482
3494
2994
3010
4642
4662
4674
4686
4694
4710
4722
4206
4226
4238
4254
4270
4282
3850
3862
3866
3882
3894
3902
3922
3934
3430
3450
3466
3466
3482
3494
3502
3518
3018
3026
3038
4754
4770
4798
4814
4826
4322
4342
4354
4362
4370
4378
4394
3942
3958
3966
3982
3998
4002
4022
3530
3534
3546
3558
3566
3578
3594
3602
3454
3466
3474
3490
3502
4822
4842
4906
4406
4418
4446
4466
4486
4494
4506
4070
4078
4086
4098
4114
4158
4190
4214
3698
3714
3722
3738
3754
3766
3770
3298
3314
3318
3334
3346
3350
3366
5150
5166
4666
4674
4682
4698
4710
4722
4734
4238
4246
4262
4274
4278
4294
4302
3862
3874
3886
3890
3906
3918
3922
3426
3434
3442
3454
3742
3762
3770
3786
3290
4622
4642
4658
4666
4678
4686
4702
4710
4190
4206
4222
4230
4250
4262
3834
3842
3858
3874
3890
3902
3910
3922
3418
3426
3442
3450
3462
3470
3818
3346
3358
3362
4790
4830
4850
4858
4870
4370
4390
4402
4414
4418
4434
4006
4014
4030
4038
4054
4066
4074
4090
3570
3578
3674
3686
3694
3710
3722
3226
3242
3254
3270
3286
3290
4886
4906
4446
4462
4474
4498
4518
4522
4538
4650
4138
4142
4154
4162
4174
4186
4194
3762
3978
3986
4002
4014
4022
4038
3550
3558
3574
3586
3590
3606
3618
3626
4630
4666
4682
4694
4706
4718
4726
4742
4238
4254
4262
4270
4286
4298
4310
3862
3878
3890
4166
4178
4190
4202
3706
3718
3722
3738
3750
3758
3770
3782
3282
3302
4694
4706
4722
4730
4750
4762
4250
4262
4274
4282
4298
4302
4314
3878
3890
3898
3914
3926
3934
3942
3958
3454
3462
3478
3490
3498
3522
3530
3030
3046
3058
3062
4818
4854
4866
4878
4886
4382
4390
4394
4410
4422
4746
4770
4822
4842
4906
4426
4458
4470
4478
4494
4514
4522
4534
4010
4018
4034
4046
4078
4398
4414
3978
3994
4006
4014
4026
4038
4046
3550
3562
3570
3594
3602
3610
3622
5078
4590
4594
4686
4722
4738
4758
4766
4278
4286
4302
4310
4322
4330
4346
3890
3906
3910
3926
3934
4690
4710
4734
4742
4754
4766
4258
4274
4286
4286
4302
4314
4318
4334
3826
3834
3846
3870
3886
3910
3918
3474
3490
3498
3762
3782
3794
3802
3326
3338
3342
3358
4802
4830
4846
4858
4354
4370
4390
4394
4410
4418
4430
4758
4266
4294
4306
4310
4326
4342
3902
3910
3922
3930
3938
3954
3958
3970
3478
3486
3494
3510
3522
3530
5010
5030
4570
4586
4682
4726
4738
4758
4770
4786
4266
4270
4286
4298
4314
4322
4330
3898
3914
3918
3926
3946
3954
3962
3470
3482
3490
3502
3514
3522
3530
3042
4694
4714
4730
4922
4942
4958
4970
4470
4482
4490
4506
4514
4522
4534
4542
4038
4050
4058
4066
4082
4094
3654
3666
3678
3686
3698
3714
3718
3734
3238
3246
3262
4770
4790
4798
4810
5038
4534
4558
4566
4578
4590
4602
4610
4626
4114
4122
4138
4150
4158
4174
3738
3746
3758
3770
3778
3794
3802
3314
3330
3342
3354
3358
3374
4958
4970
4982
4474
4490
4494
4514
4530
4538
4562
4066
4090
4098
4114
4126
4198
4218
3782
3790
3806
3810
3818
3838
3850
3354
3378
3390
3398
3406
3430
3434
3446
4662
4674
4738
4746
4766
4774
4794
4798
4302
4310
4326
4334
4694
4706
4842
4858
4874
4882
4370
4386
4398
4402
4418
4430
4434
4454
3958
3962
3978
3986
3998
4014
4022
3574
3594
3602
3614
3626
3634
3642
3658
3166
3170
3186
4686
4710
4722
4738
4746
4754
4258
4270
4278
4286
4302
4310
4326
4330
3830
3838
3846
3862
3870
3878
4774
4810
5066
5082
5102
4582
4594
4606
4618
4622
4642
4650
4154
4162
4182
4182
4198
4210
4214
4234
3734
3742
3758
3770
3770
3786
3358
3366
3382
3390
3398
3410
4778
4790
4850
4666
4678
4690
4710
4718
4734
4742
4754
4250
4266
4278
4290
4294
4310
4322
4330
3810
3822
3838
3842
3854
3866
3438
3454
3462
3470
3482
3494
3502
5070
5098
4694
4710
4726
4742
4746
4754
4766
4786
4282
4290
4298
4306
4322
4330
4338
3842
3854
3862
3874
3886
3894
3482
3494
3498
3510
3526
3538
3546
3562
3054
4706
4722
4738
4750
4762
4886
4910
4426
4434
4446
4454
4474
4478
4490
3990
4006
4014
4018
4034
4046
4058
4074
3566
3570
3586
3598
3602
3618
3186
3190
3206
3218
4786
4802
4818
5002
4506
4518
4534
4546
4550
4562
4574
4578
4070
4086
4098
4106
4122
4130
4138
4154
3654
3662
3674
3686
3694
3706
3286
3294
3302
3314
3330
3338
4798
4818
4862
4378
4386
4422
4438
4450
4470
4478
4490
3986
4002
4010
4022
4034
4046
4050
4066
3558
3566
3578
3682
3698
3710
3282
3290
3306
3310
3326
3342
3354
5058
4578
4594
4710
4734
4746
4762
4774
4266
4278
4286
4298
4706
4718
4734
4746
4822
4830
4850
4354
4358
4378
4390
4398
4410
4422
4430
3938
3950
3958
3970
3982
3990
4006
3502
3506
3518
3530
3538
3554
3566
3126
3142
3150
4802
4814
4826
4854
4866
4358
4370
4378
4390
4402
4414
4426
3918
3938
3950
3966
3970
3986
3994
4006
4794
4818
4870
4354
4370
4402
4510
4530
4550
4558
4574
4066
4070
4086
4094
4102
4114
4126
4138
3638
3650
3658
3674
3682
3690
3706
3206
3218
3230
3242
3250
3262
5190
4706
4730
4742
4754
4762
4778
4782
4278
4286
4302
4318
4322
4334
4346
4358
3838
3854
3866
3874
3890
3902
3906
3430
3438
3450
3454
3466
3478
3482
3042
3054
4698
4710
4738
4750
4762
4770
4266
4274
4286
4294
4302
4318
4330
4330
3842
3850
3858
3874
3882
3890
3902
3918
3402
3418
3426
3434
3450
3462
3466
3038
3050
3058
4814
4846
4858
4870
4886
4390
4402
4414
4430
4442
4458
4462
3970
3978
3990
4002
4010
4026
4034
4042
3534
3542
3558
3570
3586
3662
3682
3194
3210
3230
3470
3482
4934
4958
4494
4542
4570
4574
4594
4598
4614
4626
4106
4182
4198
4210
4222
4234
4246
4254
3750
3766
3782
3786
3802
3810
3822
3834
3338
3346
3362
3370
3374
3390
5074
4586
4686
4710
4726
4742
4758
4766
4782
4270
4274
4290
4306
4322
4334
4346
3838
3854
3866
3870
3886
3894
3902
3914
3422
3426
3446
3454
3462
3478
3490
3046
4706
4746
4762
4778
4798
4806
4822
4302
4314
4326
4334
4346
4754
4766
4794
4798
4814
4318
4326
4342
4354
4362
4374
4390
4390
3954
3974
3986
3994
4006
4022
4030
3526
3534
3542
3562
3570
3578
3590
3602
3118
3134
3146
3150
4774
4790
4842
4850
4350
4394
4410
4422
4438
4446
4454
4466
3958
3970
3978
3994
4006
4018
4030
4042
4934
4950
4466
4490
4522
4526
4542
4554
4566
4578
4078
4082
4106
4110
4118
4186
4202
4222
3722
3734
3738
3754
3766
3774
3790
3298
3306
3322
3338
3350
3358
3370
4550
4566
4582
4698
4710
4722
4734
4746
4246
4254
4262
4270
4286
4298
4310
4322
3810
3822
3826
3842
3854
3862
3874
3886
3394
3402
3418
3426
3434
3450
3462
3466
4694
4706
4726
4742
4746
4754
4770
4782
4286
4298
4306
4318
4330
4350
4354
3854
3870
3886
3890
3902
3914
3926
3934
3418
3426
3434
3450
3462
3478
3490
2998
3014
4646
4654
4702
4722
4738
4750
4298
4310
4334
4354
4362
4370
4386
4402
3886
3902
3910
3914
3934
3946
3950
3962
3458
3470
3478
3490
3502
3510
3522
3534
3038
3054
4646
4666
4842
4858
4870
4430
4446
4458
4470
4482
4490
4506
4510
4018
4034
4038
4054
4066
4078
4090
4094
3582
3594
3602
3618
3626
3634
3646
3154
3162
3178
3190
4778
4790
4806
4374
4390
4390
4406
4418
4434
4442
4458
3962
3978
3990
4006
4018
4018
4030
4042
3534
3542
3570
3582
3658
3678
3702
3214
3222
3234
3246
3262
3278
4878
4918
4634
4662
4670
4686
4690
4706
4718
4726
4234
4250
5102
5118
4670
4706
4726
4730
4750
4762
4322
4326
4342
4354
4362
4378
4390
4398
3890
3902
3914
3922
3938
3946
3954
3458
3474
3482
3494
3506
3514
3530
3542
3038
4670
4686
4706
4718
4726
4734
4310
4322
4330
4338
4354
4366
4378
4390
3890
3902
3914
3922
3938
3946
4758
4786
4794
4810
4362
4442
4474
4482
4490
4506
4518
4526
4034
4042
4050
4066
4078
4086
4098
4106
3586
3602
3614
3618
3630
3646
3666
3194
3210
3222
3238
3250
5022
5022
5042
5170
4674
4686
4702
4718
4730
4742
4302
4310
4330
4338
4350
4358
4374
3866
3878
3890
3898
3914
3926
3938
3434
3450
3462
3470
3482
3490
3506
3522
4966
4474
4526
4542
4654
4682
4694
4262
4270
4278
4294
4306
4650
4662
4682
4726
4746
4762
4318
4326
4342
4354
4362
4374
4386
4390
3890
3898
3910
3926
3938
3942
3954
3474
3486
3498
3510
3514
3530
3542
3550
3054
3066
3070
4694
4706
4726
4742
4842
4854
4354
4366
4374
4390
4402
4410
3974
3982
3998
4002
4010
4026
4038
4042
3538
3550
3562
3574
3578
3594
3606
3614
3130
3142
3150
3158
4710
4730
4746
4754
4774
4258
4274
4282
4294
4310
4318
3890
3918
3926
3942
3950
3954
3970
3978
3474
3494
3502
3514
3530
3542
3546
3562
3066
3074
3090
3170
3178
4738
4754
4810
4830
4326
4358
4550
4574
4582
4598
4606
4170
4182
4190
4202
4214
4222
4230
4246
3734
3742
3750
3762
3774
3786
3802
3302
3306
3318
3330
3338
3346
4862
4870
5150
4658
4666
4682
4694
4706
4718
4726
4734
4226
4242
4250
4266
4270
4278
4298
3866
3870
3886
3898
3902
3918
3930
3430
3446
3458
3462
3478
3490
3494
5122
5150
4666
4690
4710
4718
4722
4738
4746
4754
4254
4270
4278
4290
4298
4310
4322
3870
3886
3894
4078
4090
4102
4110
4118
3602
3618
3626
3634
3646
3658
3662
3182
3190
3202
4662
4678
4726
5006
5018
5034
4526
4538
4550
4562
4570
4578
4594
4602
4106
4110
4122
4138
4146
4150
4166
3726
3738
3750
3762
3774
3778
3790
3294
3302
3318
3330
4730
4746
4766
4786
4794
4286
4294
4306
4314
4326
4338
4350
4354
3858
3870
3886
3898
3902
3918
3930
3494
3510
3522
3530
3546
3558
3562
3174
3194
4794
4802
4826
4838
4310
4326
4338
4346
4362
4374
4386
3906
3922
3930
3942
3958
3966
3974
3534
3546
3554
3570
3578
3590
3874
3890
3398
3418
3430
3430
3454
3462
5078
5082
4690
4834
4846
4858
4878
4898
4902
4918
4402
4406
4422
4426
4434
4450
4458
4474
3970
3978
3990
4006
4018
4026
3606
3618
3630
3638
3650
3662
3670
3682
5162
4662
4714
4742
4754
4766
4786
4798
4294
4306
4322
4334
4350
4358
4366
3874
3878
3886
3902
3914
3918
3930
3490
3498
3510
3530
3538
3546
3562
3566
3070
3086
4690
4710
4730
5018
5026
5042
4554
4558
4574
4586
4598
4606
4618
4630
4114
4130
4142
4154
4158
4170
4182
3746
3754
3762
3770
3786
3798
3802
3314
3330
3338
3354
4866
4898
4910
4398
4410
4422
4430
4446
4458
4474
4490
3990
3998
4014
4022
4030
4046
4062
4070
3558
3574
3582
3670
3690
3698
3286
3298
3306
3322
3330
3338
3354
5006
5022
4574
4594
4690
4710
4818
4834
4858
4358
4374
4382
4394
4402
4418
4438
4442
3938
3950
3954
4574
4602
4934
4950
4962
4974
4982
4490
4506
4514
4530
4538
4546
4562
4574
4058
4074
4086
4094
4106
4118
4126
4138
3630
3634
3646
3666
3670
3686
3694
3258
3278
4738
4758
4774
4782
4790
4802
4298
4306
4318
4330
4342
4350
4370
4378
3870
3882
3894
3906
3914
3926
3946
3450
3462
3470
3478
3494
3510
3082
3150
3166
3182
3198
4878
4894
5150
5170
4666
4674
4682
4694
4710
4722
4730
4242
4254
4262
4274
4290
4294
4310
4322
3810
3826
3834
3850
3858
3870
3430
3434
3454
3466
3470
3482
3494
5178
4686
4726
4774
4802
4814
4822
4826
4334
4350
4362
4366
4378
4394
4406
4418
3894
3906
3922
3926
3934
3954
3966
3474
3486
3494
3502
3518
3526
3094
3106
3118
4722
4742
4754
4766
4782
4262
4278
4290
4298
4310
4322
4334
4342
3854
3862
3870
3886
3898
3906
3922
3930
3418
3438
3442
3454
3470
3482
3066
3082
3094
3102
3114
4834
4846
4862
4366
4382
4486
4498
4514
4522
4538
4550
4030
4046
4054
4070
4078
4086
4102
4114
3598
3614
3630
3638
3654
3690
3258
3282
3298
3306
3318
3330
3342
5198
4738
4758
4774
4790
4794
4810
4818
4326
4334
4342
4358
4370
4382
4390
4406
3890
3894
3914
3922
3930
3946
3958
3450
3462
3470
3486
3494
3502
3074
3082
3098
4650
4666
4706
4718
4742
4770
4274
4286
4298
4310
4322
4334
4346
4354
3846
3858
3866
3874
3890
3902
3910
3926
3426
3430
3450
3462
3470
3486
3062
3070
3086
3090
4990
5006
5010
5026
4530
4542
4558
4570
4574
4586
4602
4606
4098
4106
4114
4126
4138
4146
3714
3726
3738
3754
3766
3774
3782
5202
4754
4766
4774
4786
4798
4806
4826
4834
4322
4334
4338
4358
4370
4370
4386
4398
3890
3906
3918
3926
3942
3950
3958
3462
3470
3478
3494
3506
3514
3078
3090
4702
4730
4750
4762
4790
4798
4810
4306
4318
4322
4330
4346
4358
4370
3866
3878
3886
3902
3914
4714
4730
4778
4810
4298
4330
4354
4374
4378
4390
4402
4406
3906
3918
3926
3942
3946
3958
3974
3982
3478
3498
3506
3518
3766
3778
3354
3370
3378
3390
3398
3418
4934
4958
4974
4474
4486
4498
4506
4554
4570
4582
4094
4106
4118
4130
4142
4198
4206
4238
3726
3738
3750
3762
3774
3786
3798
3290
3306
3318
3326
3334
3346
3358
4718
4726
4750
4754
4774
4786
4790
4806
4298
4306
4322
4334
4338
4354
4362
4370
3854
3866
3874
3890
3902
3906
3922
3438
3450
3458
3470
3482
3486
3050
3062
3070
5078
5086
5102
5110
5130
5138
4646
4674
4682
4690
4698
4718
4726
4234
4242
4250
4262
4278
4290
4298
4302
3794
3806
3818
3822
3842
3850
3418
3426
3442
3458
3470
3674
3682
3698
3710
3218
3230
3242
3246
3266
3278
5082
5102
4610
4714
4722
4738
4762
4774
4786
4282
4298
4310
4318
4326
4342
4354
4366
3850
3858
3874
3886
3898
3910
3918
3930
3430
3442
3446
3462
3474
3474
3054
4694
4918
4938
4954
4966
4970
4986
4470
4482
4494
4790
4826
4838
4842
4858
4354
4362
4378
4390
4402
4410
4422
3930
3942
3958
3962
3970
3986
3994
4006
3506
3514
3522
3542
3554
3558
3574
3074
3154
3170
3182
3194
4902
4918
4478
4494
4498
4534
4550
4562
4574
4594
4082
4086
4098
4174
4186
4194
4210
4222
3718
3730
3734
3750
3766
3774
3786
3298
3306
3310
3326
3338
3350
3358
4678
4750
4766
4770
4786
4794
4810
4822
4830
4318
4330
4338
4346
4358
4378
4390
3898
3910
3922
3934
3950
3954
3966
3450
3466
3478
3482
3498
3514
3078
3094
3106
4722
4742
4754
4762
4778
4278
4294
4310
4326
4342
4354
4362
4378
3866
3890
3894
3902
3918
3926
3938
3954
3438
3450
3466
3478
3482
3494
3506
3514
3030
3042
3050
4758
4790
4802
4814
4318
4330
4338
4350
4362
4378
4386
4394
3906
3922
3926
3946
3954
3966
3978
3990
3486
3498
3514
3522
3530
3546
3554
3562
3058
3078
3086
3162
4814
4826
5062
4570
4590
4602
4614
4626
4638
4646
4658
4150
4158
4178
4186
4194
4206
4218
4226
3714
3726
3730
3742
3754
3770
3770
3294
3306
3314
3330
3338
3346
5054
5066
4582
4702
4722
4738
4746
4762
4774
4266
4274
4282
4294
4302
4314
4322
4334
3830
3842
3850
3862
3870
3882
3890
3402
3414
3418
3434
3442
3450
3470
3478
4570
4582
4702
4710
4726
4738
4758
4766
4258
4274
4286
4294
4310
4318
4330
4346
3846
3850
3866
3878
3886
3898
3914
3918
3410
3426
3430
3446
3458
3462
3474
2982
4870
4898
4914
4926
4938
4938
4954
4442
4454
4466
4478
4486
4502
4514
4010
4026
4038
4046
4058
4070
4074
4094
3594
3602
3610
3622
3630
3646
3654
3154
3170
3182
4842
4858
4918
4934
4434
4454
4474
4486
4494
4506
4526
4030
4042
4046
4058
4070
4082
4090
4098
3590
3686
3698
3710
3722
3734
3746
3258
3262
3278
3286
3302
3314
5002
4570
4582
4602
4714
4734
4754
4758
4262
4282
4294
4302
4698
4714
4730
4746
4762
4770
4274
4286
4298
4310
4322
4326
4342
4358
3854
3866
3878
3890
3906
3914
3922
3414
3426
3438
3446
3470
3482
3486
3502
3018
3026
3046
4814
4854
4870
4882
4382
4394
4406
4414
4430
4446
4454
4470
3958
3974
3982
3994
4010
4022
4034
4042
3534
3546
3558
3566
3574
3586
3662
3190
3198
3214
3226
3230
4882
4902
4518
4526
4542
4554
4558
4578
4590
4598
4138
4210
4226
4242
4254
4262
4278
4294
3766
3782
3790
3798
3814
3822
3830
3338
3354
3362
3374
3390
3398
3410
5018
4582
4606
4698
4714
4726
4742
4754
4770
4250
4262
4278
4294
4294
4310
4322
3822
3834
3842
3850
3866
3874
3882
3390
3402
3414
3422
3438
3450
3462
3470
2970
4790
4822
4834
4842
4410
4422
4430
4442
4454
4462
4478
3982
3990
4014
4022
4030
4046
4062
4070
3570
3582
3594
3670
3682
3702
3710
3230
3234
3242
3262
3274
3274
4826
4834
4450
4478
4502
4514
4530
4538
4550
4046
4054
4066
4070
4086
4098
4106
4126
3642
3690
3706
4710
4730
4746
4762
4774
4782
4794
4818
4306
4322
4334
4338
4354
4362
4370
4386
3862
3870
3886
3898
3910
3930
3938
3442
3458
3470
3474
3486
3498
3506
3514
3014
4670
4690
4702
4714
4726
4282
4298
4306
4318
4330
4342
4354
4366
3882
3902
3906
3918
3926
3942
3950
3954
3450
3466
3482
3486
3494
3510
3522
3030
3038
3046
3066
4810
4842
4858
4870
4422
4426
4442
4458
4470
4482
4494
3998
4010
4026
4034
4046
4058
4070
4078
3586
3598
3662
3678
3698
3706
3718
3238
3246
3262
3274
3282
3294
4946
4522
4586
4610
4686
4718
4738
4754
4762
4262
4274
4278
4290
4310
4322
4326
4342
3834
3842
3862
3870
3878
3890
3902
3410
3418
3430
3438
3454
3462
3470
3486
5130
4654
4674
4698
4710
4714
4730
4290
4290
4306
4318
4322
4670
4690
4702
4722
4726
4302
4314
4314
4330
4350
4358
4370
4378
3886
3906
3914
3922
3938
3950
3958
3970
3462
3482
3502
3510
3518
3530
3542
3142
3158
3178
3190
4774
4790
4810
4830
4386
4414
4430
4442
4454
4466
4478
3970
3982
3994
3998
4014
4026
4034
4054
3550
3562
3574
3586
3630
3662
3678
3202
3210
3222
3234
3250
3258
5090
5114
4662
4674
4698
4710
4718
4734
4302
4302
4322
4334
4342
4358
4370
4378
3878
3890
3898
3914
3922
3934
3946
3446
3454
3462
3478
3486
3494
3506
3518
3018
4662
4678
4694
4706
4718
4718
4282
4298
4306
4314
4326
4334
4346
4358
3858
3870
3882
3890
3906
3922
4698
4714
4734
4742
4302
4314
4322
4338
4342
4358
4370
4382
3890
3906
3918
3934
3954
3958
3966
3982
3478
3478
3494
3506
3510
3526
3538
3546
3050
3066
3114
3138
4830
4846
4878
4894
4382
4394
4402
4462
4474
4486
4498
4062
4070
4082
4098
4110
4122
4154
3650
3698
3714
3722
3738
3746
3754
3270
3282
3294
3310
3314
3330
3338
5102
5126
4642
4674
4682
4698
4722
4730
4310
4318
4330
4342
4354
4358
4378
4386
3866
3882
3894
3902
3914
3926
3934
3438
3446
3450
3466
3478
3494
3502
3514
3006
4646
4666
4678
4694
4702
4718
4278
4286
4298
4310
4318
4330
4342
4350
3846
3870
3874
3882
3898
3910
3918
3942
3430
3434
3450
3462
3474
3486
3498
3018
3026
3038
4706
4722
4738
4750
4758
4770
4262
4286
4298
4298
4318
4330
4794
4826
4846
4858
4358
4370
4378
4394
4406
4418
4430
4006
4010
4026
4038
4046
4054
4070
3558
3574
3586
3590
3682
3694
3698
3718
3226
3238
3254
3262
3270
3286
5090
5102
4630
4654
4674
4686
4702
4718
4734
4298
4310
4314
4334
4346
4358
4370
4382
3870
3882
3894
3902
3918
3926
3938
3450
3458
3470
3478
3490
3498
3514
3014
4814
4834
4846
4862
4870
4350
4362
4378
4402
4414
4422
4006
4014
4022
4038
4050
4058
4070
4082
3570
3586
3646
3670
3690
3706
3718
3530
3546
3554
3570
3586
3590
4926
4962
4970
4474
4490
4506
4518
4526
4538
4098
4182
4222
4234
4246
4254
4266
4274
3762
3778
3798
4578
4594
4658
4682
4694
4702
4718
4726
4226
4238
4250
4262
4274
4286
4298
3858
3874
3886
3894
3906
3918
3926
3434
3442
3450
3466
3478
3482
3498
3510
2998
3006
4666
4686
4694
4718
4730
4742
4750
4250
4258
4266
4282
4294
4302
3874
3878
3890
3906
3918
3934
3942
3954
3438
3454
3458
3474
3482
3502
3526
3042
3050
3374
3390
4770
4786
4806
4818
4314
4326
4334
4346
4358
4366
4390
3942
3950
3966
3974
3990
4002
4010
4026
3530
3534
3550
3558
3566
3582
3678
3186
3202
3214
3226
3242
3246
5130
5154
4670
4678
4690
4702
4714
4722
4734
4746
4234
4246
4258
4270
4282
4294
3850
3858
3866
3878
3894
3902
3918
3430
3446
3458
3466
3474
3486
3494
3506
3002
4622
4638
4690
4710
4730
4734
4746
4234
4250
4270
4278
4286
4302
3874
4170
4182
4202
4226
4238
4246
4254
3746
3758
3766
3774
3786
3794
3810
3822
3322
3338
3354
4778
4794
4810
4822
4834
4338
4346
4382
4402
4414
4430
4002
4014
4030
4038
4050
4062
4070
4078
3570
3582
3594
3606
3706
3718
3730
3226
3234
3254
3266
3270
3286
4882
4902
4918
4418
4430
4430
4446
4458
4466
4482
4502
3990
4002
4022
4026
4134
4146
4154
3718
3734
3742
3754
3770
3774
3786
3294
3298
3318
3326
3338
3350
3362
5142
5466
4978
4990
5002
5014
5022
5034
5046
4546
4554
4558
4570
4586
4602
4606
4158
4170
4178
4194
4206
4210
4226
3734
3738
3754
3766
3770
3782
3794
3802
3298
4754
4774
4794
4814
4830
4842
4334
4350
4358
4362
4386
4394
4406
3906
3918
3926
3938
3946
3962
3970
3530
3542
3550
3570
3582
3670
3686
3202
3214
3238
3250
3258
4854
4870
4882
4422
4446
4458
4470
4486
4494
4502
4514
3998
4014
4026
4038
4046
4058
4318
3894
3918
3930
3942
3954
3958
3970
3486
3498
3514
3518
3534
3546
3554
5102
5242
4738
4746
4766
4774
4782
4798
4810
4318
4426
4438
4454
4466
4482
4026
4034
4042
4062
4074
4082
4090
4102
3606
3622
3626
3638
3654
3666
3670
3682
3186
4642
4658
4710
4722
4738
4754
4774
4270
4286
4298
4306
4322
4326
4338
4346
3846
3858
3862
3886
3894
3898
3914
3474
3478
3490
3502
3514
3522
3534
3050
3058
3074
5106
5118
5126
5146
5162
5170
4658
4670
4682
4690
4702
4718
4726
4238
4250
4262
4270
4282
4290
4298
3858
3874
3878
3894
3906
3914
3930
3430
3438
3454
3458
3470
4842
4854
4866
4374
4386
4402
4410
4438
4450
4458
4474
3970
3978
3994
4006
4018
4026
4034
3594
3606
3610
3630
3642
3738
3758
3266
3270
3286
3298
3310
3326
3338
5038
5070
4566
4582
4598
4710
4726
4734
4750
4770
4262
4286
5034
4542
4594
4722
4742
4914
4930
4958
4446
4462
4470
4478
4490
4506
4514
4526
4018
4030
4042
4054
4058
4078
3646
3654
3670
3678
3690
3706
3718
3722
3230
3242
4702
4718
4738
4750
4754
4770
4778
4270
4274
4290
4306
4318
4330
4338
4350
3846
3858
3870
3878
3894
4762
4782
4802
4814
4830
4330
4338
4350
4362
4370
4386
4398
4398
3906
3918
3926
3934
3958
3970
3986
3994
3474
3494
3502
3510
3522
3534
3114
3126
3134
3202
3210
4842
4862
4878
4394
4406
4414
4426
4810
4830
4842
4854
4342
4350
4362
4378
4390
4398
4410
4414
3918
3926
3930
3946
3958
3974
3550
3562
3566
3578
3590
3602
3610
5170
4678
4726
4750
4766
4774
4794
4806
4310
4322
4334
4346
4362
4374
4382
4390
3878
3890
3898
3910
3922
3930
3502
3510
3518
3534
3550
3558
3574
3578
3086
3098
4710
4734
4746
4758
4770
4786
4274
4282
4298
4310
4318
4330
4342
4362
3858
3866
3882
3886
3906
3914
3926
3430
3442
3454
3466
3470
3486
3502
3074
3086
3102
3114
5082
5098
5114
5122
4618
4638
4646
4654
4670
4682
4694
4702
4198
4206
4222
4230
4234
4250
4262
4278
3766
3774
3786
3802
3806
3818
3394
3406
3422
3426
3442
3450
5058
5086
4590
4710
4726
4762
4782
4794
4814
4822
4302
4310
4326
4338
4346
4358
4370
3882
3898
3906
3914
3930
3938
3506
3522
3534
3542
3554
3566
3574
3590
3074
4650
4670
4710
4722
4758
4762
4778
4282
4298
4306
4314
4330
4894
4906
4926
4938
4950
4434
4450
4454
4462
4482
4494
4502
4518
4010
4018
4030
4038
4050
4062
4070
4082
3574
3590
3602
3602
3618
3630
3202
3222
3234
3238
3254
4806
4830
4850
4870
4358
4378
4382
4394
4414
4426
4438
3942
3970
3978
3986
4006
4026
4030
4046
3526
4930
4966
4478
4490
4502
4522
4534
4542
4562
4570
4082
4102
4110
4114
4190
4214
4226
4254
3742
3750
3766
3778
3782
3802
3810
3326
3338
3350
3358
3374
3386
3398
4526
4542
4606
4622
4702
4734
4742
4754
4246
4262
4278
4282
4302
4306
4314
4330
3834
3846
3858
3866
3882
3894
3902
3910
3398
3410
3418
3430
3442
3450
3034
3038
4714
4738
4746
4762
4766
4778
4278
4290
4302
4318
4326
4334
4350
4362
3846
3858
3870
3894
3910
3910
3930
3446
3454
3466
3474
3482
3498
3514
3074
3090
3102
3110
4806
4818
4834
4854
4334
4346
4354
4370
4378
4394
4406
4414
3930
3934
3946
3962
3974
3986
4002
4026
3518
3530
3542
3550
3562
3574
3582
3086
3182
3202
3218
3226
5054
5070
4594
4598
4714
4742
4754
4766
4798
4818
4298
4306
4322
4334
4354
4366
4366
3862
3874
3878
3894
3902
3914
3930
3458
3458
3474
3670
3686
3702
3718
3262
4674
4694
4726
4750
4766
4806
4838
4318
4334
4338
4358
4362
4374
4386
4398
3910
3922
3934
3946
3958
3966
3978
3466
3478
3482
3494
3510
3522
3090
3098
3110
3118
4726
4754
4770
4794
4294
4306
4314
4330
4334
4350
4358
4366
4858
4886
4894
4398
4414
4426
4434
4450
4458
4466
4486
3974
3982
4002
4014
4018
4034
4050
4058
3554
3558
3566
3674
3970
3986
4002
3506
3518
3530
3538
3550
3562
5202
4738
4762
4770
4778
4790
4806
4818
4318
4330
4342
4350
4358
4374
4386
4394
3866
3882
3894
3902
4662
4674
4730
4742
4754
4766
4250
4274
4282
4290
4306
4314
4322
4334
3846
3854
3866
3878
3882
3898
3906
3914
3418
3430
3438
3446
3458
3470
3482
3490
2990
3006
4746
4778
4802
4810
4826
4318
4334
4342
4358
4366
4382
4386
4406
3906
3918
3926
3942
3950
3962
3974
3986
3474
3490
3494
3506
3522
3838
3854
3370
3386
3398
3406
4810
4822
4834
4846
4350
4362
4374
4386
4394
4402
4414
4426
3930
3938
3962
3978
3982
3998
4010
4018
3518
3530
3538
3554
3566
3582
3594
3166
3182
3198
3214
3222
4950
4974
4482
4506
4518
4530
4542
4554
4558
4578
4114
4130
4134
4210
4226
4234
4254
4258
4002
4022
4030
4046
4054
4070
4078
3574
3590
3598
3606
3626
3634
3638
4642
4658
4714
4722
4734
4750
4762
4774
4278
4290
4302
4310
4274
4286
3786
3798
3810
3818
3830
3842
3854
3866
3362
4746
4762
4786
4794
4806
4822
4830
4318
4330
4338
4342
4358
4370
4386
3894
3910
3922
3926
3942
3954
3974
3986
3470
3478
3490
3502
3510
3542
3546
3062
3086
3090
4750
4774
4790
4798
4302
4314
4326
4334
4346
4366
4378
4390
3874
3890
3906
3914
3930
3942
3950
3962
3466
4806
4830
4846
4410
4422
4426
4446
4458
4470
4498
4510
4006
4022
4034
4038
4054
4066
4078
4090
3574
3582
3942
3958
3978
3986
4002
3518
3526
3538
3546
3554
3566
4970
4546
4722
4738
4754
4766
4778
4786
4286
4302
4314
4330
4338
4350
4354
4374
3866
3870
3882
3894
4706
4734
4746
4762
4774
4782
4290
4298
4306
4322
4334
4342
4358
4682
4178
4198
4206
4214
4234
4242
4254
3762
3774
3782
3790
3802
3810
3826
3838
3334
3350
3358
4706
4722
4746
4758
4322
4330
4338
4354
4370
4382
4398
4406
3906
3922
3934
3942
3958
3962
3978
3990
3486
3502
3514
3526
3534
3538
3558
3078
3422
3434
3438
3462
4794
4822
4834
4414
4426
4446
4466
4474
4482
4502
4514
3998
4010
4014
4030
4042
4050
4062
4074
3570
3586
3598
3678
3694
3714
3726
3750
3266
3266
3282
3294
3302
4978
4538
4694
4722
4738
4746
4990
5010
5030
4530
4542
4554
4570
4582
4598
4618
4630
4114
4126
4138
4146
4158
4170
4178
3702
3714
3722
3738
3750
3754
3770
3782
5134
4650
4658
4678
4686
4702
4714
4274
4282
4298
4310
4318
4330
4338
4358
3862
3874
3890
4194
4202
4218
4226
3710
3726
3738
3742
3758
3770
3782
3798
3302
3310
4730
4742
4754
4770
4330
4342
4354
4362
4378
4382
4398
4410
3898
3930
3942
3950
3958
3974
3986
3990
3494
3498
3514
3526
3534
3546
3562
3078
3178
3206
3218
3226
4982
5026
5278
4866
4874
4886
4902
4906
4922
4930
4426
4438
5098
4606
4662
4866
4874
4890
4902
4466
4474
4490
4502
4510
4522
4534
4542
4042
4054
4066
4078
4086
4094
4110
3602
3610
3622
3638
3642
3658
3666
3674
3190
3198
4702
4710
4726
4746
4754
4330
4338
4346
4362
4374
4386
4394
4406
3902
3906
3922
3934
3946
3954
3970
4214
4222
4238
4246
4250
4266
3754
3762
3778
3790
3798
3810
3822
3338
3350
3358
3370
3386
3394
4978
4998
5014
4738
4754
4762
4778
4794
4802
4370
4382
4390
4402
4410
4426
4438
3926
3942
3954
3970
3982
3990
4002
4014
3514
3526
3534
3546
3554
3562
3578
3590
4594
4614
4654
4690
4702
4722
4730
4302
4314
4326
4338
4354
4370
4374
4386
3870
3886
3894
3902
3914
3926
3934
3438
3446
3454
4658
4678
4698
4910
4918
4474
4494
4510
4514
4530
4538
4546
4558
4062
4070
4086
4098
4106
4118
4130
4142
3638
3646
3658
3670
3678
3690
3698
3202
3214
3222
3234
4798
4814
4830
4838
4510
4522
4534
4546
4550
4574
4582
4142
4158
4170
4178
4186
4202
4218
4230
3710
3726
3738
3750
3758
3770
3774
3294
3306
3318
3322
3338
3354
4982
5026
5034
4522
4538
4630
4646
4662
4694
4278
4290
4298
4310
4322
4338
4350
3846
3858
3866
3878
3890
3894
3902
3918
3422
3434
3446
3454
3470
3478
3490
3502
4606
4622
4658
4690
4702
4714
4746
4310
4322
4330
4342
4362
4370
4386
4394
3882
3894
3906
3914
3926
3938
3942
3954
3454
3458
3478
3486
3490
3502
3522
3034
3042
4782
4790
4826
4842
4858
4874
4370
4378
4390
4398
4410
4422
4434
3998
4010
4022
4034
4046
4058
4070
3570
3582
3594
3602
3690
3702
3710
3218
3234
3234
3250
3262
4850
4870
4886
4390
4398
4414
4422
4434
4442
4466
4022
4030
4038
4118
4130
4142
4158
4170
3662
3702
5158
4666
4694
4710
4710
4730
4742
4302
4314
4326
4334
4350
4362
4366
4382
3878
3886
3898
3910
3922
3934
3946
3726
3750
3762
3774
3782
3798
3806
3814
3314
3318
4630
4646
4698
4714
4734
4778
4266
4270
4290
4302
4314
4330
4338
3898
3926
3942
3946
3954
3970
3986
3994
3498
3506
3514
3526
3538
3546
3558
3070
3082
3090
3106
4842
4862
4878
4894
4386
4406
4418
4422
4446
4450
4022
4034
5126
5150
4646
4662
4670
4690
4718
4730
4286
4302
4314
4318
4334
4350
4358
4374
3862
3874
3886
4126
4142
4150
4162
3658
3670
3682
3694
3702
3714
3730
3738
3246
4678
4690
4706
4722
4734
4750
4758
4250
4266
4270
4286
4290
4310
3878
3886
3902
3910
3930
3942
3946
3954
3450
3462
3478
3486
3498
3510
3518
3530
3034
3046
3054
4794
4806
4862
4878
4894
4418
4438
4454
4466
4474
4486
4498
4058
4070
4086
4090
4098
4114
4122
4190
3690
3702
3710
3726
3738
3742
3758
3774
3278
3286
3306
3306
4854
4890
4902
4910
4406
4410
4426
4434
4442
4454
4026
4038
4042
4058
4066
4398
4422
4434
3926
3946
3954
3962
3974
3978
3990
3498
3510
3522
3534
3542
3554
3558
3010
4634
4674
4682
4694
4714
4726
4738
4218
4234
4242
4250
4258
4278
3850
3858
3874
3882
3886
3902
3910
3930
3426
3438
3450
3462
3466
3478
3490
3502
3006
3026
3130
4674
4686
4738
4750
4766
4278
4298
4310
4318
4330
4338
4358
3926
3942
3954
3962
3970
3978
3990
4742
4762
4778
4790
4802
4290
4306
4318
4330
4346
4358
4366
4386
3886
3898
3906
3922
3934
3942
3958
3506
3518
3534
3546
3554
3566
3678
3190
3242
3258
3278
3290
4838
4866
4878
4386
4398
4410
4422
4430
4442
4454
4466
3954
3966
3978
3994
4002
4018
3578
3682
3694
3718
3730
3746
3758
3766
3266
3278
3290
3294
3310
3318
3326
5478
5494
5002
5010
5022
5038
5050
5062
5074
4562
4574
4582
4594
4606
4618
4170
4186
4198
4206
4222
4234
4238
3742
3754
3762
3770
3782
3790
3806
3310
3314
3330
4738
4754
4802
4822
4846
4866
4370
4382
4390
4402
4414
4430
4438
3946
3954
3970
3978
3986
4002
4010
3566
3582
3594
3670
3694
3706
3718
3230
3242
3254
3266
3278
4830
4846
4858
4366
4386
4394
4410
4426
4434
4454
4462
3950
3958
3974
3978
3990
4006
4018
3582
3670
3690
3702
3718
3730
3742
3242
3250
3262
3274
3290
3302
3314
5086
5334
4834
4838
4862
4870
4878
4894
4898
4414
4426
4434
4442
4454
4466
4478
4018
4034
4046
4050
4062
4074
4082
3598
3606
3614
3630
3638
3646
3662
3670
3158
4738
4762
4774
4794
4806
4814
4834
4314
4326
4342
4354
4358
4370
4382
3890
3898
3906
3918
3930
3938
3506
3518
3526
3538
3550
3558
3570
3086
3182
3198
3210
3218
4826
4838
4898
4930
4414
4426
4446
4454
4470
4474
4490
4002
4030
4038
4058
4070
4106
4126
3686
3698
3718
3738
3746
3758
3774
3278
3298
3310
3318
3326
3338
3346
3482
3494
3494
3510
3522
3530
3046
4714
4734
4746
4758
4766
4774
4790
4286
4302
4310
4318
4334
4354
4362
3870
3882
3898
3910
3918
3930
3938
3494
3510
3522
3526
3538
3550
3558
3062
3174
3238
3250
4854
4890
4902
4926
4426
4442
4454
4462
4478
4490
4494
4506
3994
4010
4022
4026
4042
4126
3694
3706
3718
3730
3742
3750
3766
3274
3282
3302
3310
3318
3330
3342
5014
5038
4574
4590
4606
4722
4730
4742
4754
4266
4282
4290
4302
4318
4334
4334
3894
3906
3910
3930
3938
3946
3962
3454
3466
3478
3490
3498
3514
3526
3534
3038
4702
4722
4734
4746
4758
4770
4778
4278
4286
4298
4314
4318
4326
4346
4358
3854
3858
3874
3890
3910
3918
3482
3494
3510
3518
3530
3546
3554
3066
3082
3086
3174
4774
4790
4810
4822
4830
4322
4334
4342
4362
4374
4390
4426
3926
3938
3954
3962
3970
3982
3994
3542
3562
3570
3582
3686
3698
3706
3218
3230
3242
3258
3266
3274
4942
4978
4986
4506
4526
4530
4538
4550
4590
4598
4614
4090
4178
4186
4202
4210
4222
3782
3798
3814
3822
3830
3846
3854
3366
3374
3382
3394
3410
3418
3430
3442
4530
4550
4706
4730
4742
4750
4758
4782
4790
4798
4814
4314
4318
4334
4346
4354
4370
4378
4386
3886
3898
3906
3922
3930
3942
3506
3518
3530
3542
3554
3570
3582
3098
3182
3190
3206
3218
4850
4874
4886
4898
4366
4374
4390
4402
4410
4426
4438
3962
3970
3986
4006
4014
4018
4034
3586
3594
5062
5082
4594
4602
4718
4750
4774
4790
4834
4854
4354
4366
4374
4390
4402
4410
4422
3910
3922
3934
3950
3950
3966
3538
3550
3562
3574
3578
3594
3610
3122
3130
4654
4670
4722
4742
4754
4770
4778
4266
4278
4298
4310
4318
4326
4338
4350
3850
3862
3874
3886
3902
3914
3482
3490
3498
3514
3522
3530
3550
3558
3058
3070
3082
4770
4802
4814
4818
4830
4330
4342
4350
4370
4382
4398
4406
4410
3910
3922
3950
3954
3974
3982
3998
3554
3562
3578
3590
3598
3610
3622
3130
3150
3158
3226
3258
4854
4870
4890
4378
4394
4406
4422
4430
4442
4446
4474
3970
3982
3990
4002
4082
4094
4118
4130
3618
3634
3646
3654
3670
3690
3258
3278
3290
3298
3314
3326
3330
5054
5066
4574
4690
4710
4750
4762
4774
4778
4282
4294
4302
4318
4322
4338
4350
4358
3854
3866
3870
3882
3898
3906
3482
3490
3502
3514
3526
3534
3546
3562
3058
4654
4670
4726
4742
4766
4770
4790
4282
4294
4306
4322
4326
4342
4350
3858
3870
3886
3890
3910
3918
3926
3474
3490
3494
3514
3522
3534
3546
3066
3074
3090
3102
4738
4758
4770
4782
4782
4290
4302
4310
4326
4330
4346
4354
4362
3862
3874
3886
3902
3906
3930
3934
3942
3438
3446
3458
3474
3490
3498
3074
3086
3094
3110
3126
4770
4778
4794
4802
4306
4318
4330
4342
4354
4378
4386
4406
3890
3902
3918
3922
3942
3946
3962
3978
3482
3486
3502
3510
3522
3538
3110
3118
3142
3154
3174
3194
3922
3938
3514
3522
3534
3542
3554
3562
3566
3070
3082
4670
4698
4754
4766
4786
4802
4294
4302
4318
4330
4338
4350
4362
4370
3862
3874
3886
3894
3918
3926
3930
3434
3450
3458
3462
3478
3490
3506
3070
3074
3090
3102
4818
4846
4858
4874
4366
4382
4394
4398
4414
4426
4442
4446
3962
3974
3986
3998
4010
4014
4030
4038
3526
3542
3554
3570
3578
3666
3250
3266
3282
3298
3310
3322
4858
4874
4886
4390
4406
4414
4430
4438
4450
4458
4470
3946
3970
3982
3994
4006
4014
4026
4038
3546
3562
3574
3582
3678
3706
3278
3290
3302
3310
3322
3342
3342
5066
5082
4586
4606
4718
4742
4774
4782
4794
4302
4322
4334
4342
4350
4366
4374
4378
3866
3878
3890
3902
3906
3922
3934
3434
3442
3454
3470
3478
3494
3058
3070
4674
4690
4730
4742
4754
4782
4798
4298
4306
4318
4334
4346
4350
4370
4382
3862
3874
3886
3890
3906
3918
3926
3454
3466
3478
3486
3498
3510
3082
3094
3102
3114
4814
4842
4858
4866
4362
4370
4382
4390
4406
4414
4422
4438
3942
3954
3962
3986
3994
4010
4034
4046
3526
3542
3554
3562
3570
3582
3234
3254
3270
3282
3510
3522
5070
5054
4574
4586
4602
4610
4734
4746
4754
4270
4290
4302
4310
4318
4334
4346
4358
3854
3870
3882
3890
3902
3914
3918
3934
3418
3426
3442
3450
3454
3470
3486
3046
4662
4674
4726
4746
4766
4778
4794
4286
4302
4310
4326
4338
4342
4354
4362
3858
3866
3874
3890
3906
3570
3070
3078
3150
3170
4838
4862
4870
4378
4390
4406
4414
4426
4442
4462
4466
3958
3970
3982
3990
4006
4018
4030
4042
3526
3538
3546
3558
3654
3682
3694
3706
3218
3230
3238
3254
3266
5186
5230
4746
4762
4774
4782
4790
4806
4814
4838
4334
4342
4350
4358
4366
4626
4646
4142
4158
4170
4182
4194
4210
4214
4222
3722
3734
3738
3754
3766
3774
3350
4658
4682
4714
4726
4746
4762
4786
4286
4290
4306
4318
4326
4342
4350
3846
3862
3878
3890
3902
3906
3922
3934
3422
3430
3438
3450
3462
3470
3482
2998
3010
3026
4802
4834
4846
4854
4362
4374
4390
4402
4410
4418
4438
4442
3946
3954
3962
3978
3990
3998
4010
4030
3514
3530
3542
3554
3558
3570
3578
3178
3190
3198
3210
3222
5082
5094
4590
5006
5042
5062
5074
5086
5098
4602
4614
4622
4630
4646
4658
4666
4674
4154
4162
4182
4186
4198
4210
4222
3742
3750
3762
3774
3782
3798
3810
3374
4698
4738
4758
4766
4778
4790
4802
4810
4294
4310
4322
4334
4346
4354
4366
3866
3870
3886
3902
3910
3926
3938
3942
3450
3458
3466
3482
3490
3498
3514
3018
3022
4782
4802
4854
4870
4378
4410
4418
5290
5310
4810
4826
4830
4838
4858
4870
4878
4894
4390
4398
4414
4422
4430
4442
4454
4458
3958
3970
3982
3994
4002
4010
4026
3514
3522
3542
3554
3566
3582
3142
4698
4722
4734
4746
4762
4774
4782
4282
4290
4298
4310
4322
4334
4346
4354
3850
3862
3874
3890
3898
4746
4762
4770
4786
4806
4306
4314
4330
4338
4346
4362
4374
3862
3878
3894
3902
3910
3934
3954
3966
3470
3486
3494
3506
3514
3522
3534
3550
3042
3062
3074
3078
4802
4822
4890
4378
4398
4578
4586
4602
4606
4622
4634
4142
4150
4162
4166
4178
4190
4202
4210
3698
3710
3722
3734
3746
3758
3766
3282
3294
3306
3314
3322
3338
4958
4970
4478
4494
4502
4530
4542
4550
4566
4050
4074
4082
4098
4178
4198
4210
4222
3730
3738
3754
3766
3770
3786
3798
3286
3298
3310
3314
3330
3338
3350
3366
4690
4718
4730
4742
4754
4766
4778
4798
4282
4294
4306
4314
4322
4338
4346
3854
3866
3878
3886
3902
3914
3918
3934
3422
3430
3438
3450
3458
3478
3490
3498
3014
4710
4902
4926
4934
4946
4962
4462
4470
4482
4490
4494
4514
4814
4830
4862
4882
4390
4422
4434
4442
4454
4466
4470
3974
3990
4002
4014
4026
4034
4046
4058
3554
3566
3578
3590
3678
3698
3710
3218
3230
3238
3250
3266
3274
4946
4966
4534
4546
4554
4578
4590
4598
4666
4202
4210
4226
4238
4250
4258
4274
4282
3778
3786
3798
3810
3822
3834
3846
3354
3366
3374
3386
3398
3410
3418
3422
4746
4778
4802
4814
4826
4830
4326
4338
4342
4354
4366
4378
4394
3894
3902
3914
3926
3938
3950
3962
3974
3482
3494
3502
3514
3522
3530
3546
3558
3058
3066
3082
4690
4706
4758
4770
4322
4358
4370
4378
4390
4406
4410
3930
3946
3958
3966
3978
3986
3994
4014
3502
5010
5030
4578
4678
4702
4714
4730
4742
4750
4758
4250
4258
4270
4282
4294
4306
4322
4326
3830
3842
3854
3862
3874
3886
3894
3418
3674
3698
3710
3730
3734
3750
5134
4714
4726
4738
4746
4766
4774
4786
4794
4294
4302
4314
4326
4338
4350
4354
3858
3866
3886
3894
3902
3918
3926
3942
3434
3442
3458
3462
3474
3486
3502
3010
4690
4714
4722
4738
4750
4314
4322
4334
4354
4362
4374
4386
3886
3902
3914
3926
3950
3962
3974
3990
3494
3502
3514
3526
3538
3546
3858
3874
3374
3394
3406
3410
4746
4766
4822
4398
4414
4438
4450
4462
4482
4494
4502
4010
4010
4030
4042
4050
4058
4070
4078
3570
3578
3602
3682
3986
4002
4014
3518
3538
3546
3554
3570
3582
4966
4550
4562
4574
4582
4590
4702
4714
4730
4230
4242
4246
4618
4650
4670
4686
4702
4706
4718
4302
4314
4318
4338
4346
4358
4370
4382
3870
3882
3894
3906
3918
3926
3938
3946
3438
3686
3706
3718
3730
3738
3750
3254
3266
4674
4702
4714
4726
4738
4746
4306
4322
4334
4346
4358
4366
4382
3890
3894
3902
3918
3930
3946
3954
3966
3446
3462
3474
3486
3490
3506
3838
3366
3390
3398
3410
4770
4782
4846
4418
4422
4474
4486
4490
4506
4518
4530
4026
4030
4046
4066
4074
4082
4094
4106
3598
3670
3686
3754
3762
3778
3786
3290
3302
3314
3322
3334
3350
5146
5162
4666
4994
5006
5006
5022
5034
4610
4622
4634
4646
4654
4666
4674
4686
4170
4186
4198
4210
4650
4678
4690
4698
4714
4726
4294
4302
4310
4322
4342
4346
4362
4382
3882
3894
3906
3910
3930
3942
3954
3970
3466
3470
3486
3498
3502
3518
3530
3018
3038
3054
4810
4838
4862
4866
4414
4422
4438
4450
4466
4474
4490
4006
4018
4034
4046
4050
4066
4070
4078
3574
3594
3662
3670
3678
3690
3702
3222
3238
3246
3262
3274
3282
4958
4978
5034
4650
4662
4670
4798
4818
4834
4398
4406
4422
4434
4446
4454
4470
3966
3978
3990
4002
4010
4018
4026
4042
3534
3542
3554
3562
3574
3590
3602
3098
4638
4666
4914
4938
4950
4962
4514
4526
4534
4546
4554
4570
4578
4590
4094
4106
4118
4122
4138
4150
4158
3654
3666
3674
3686
3698
3706
3722
3730
3238
3254
3270
4690
4702
4714
4738
4302
4322
4342
4354
4366
4374
4386
4394
4998
5022
5130
5150
4622
4642
4650
4658
4730
4746
4318
4330
4342
4350
4370
4382
4394
3894
3906
3918
3926
3938
3946
3958
3462
3478
3490
3502
3514
3518
3534
3546
5110
4602
4666
4738
4758
4766
4778
4350
4366
4378
4386
4398
4410
4414
4430
3922
3942
3954
3970
3978
3986
3998
4010
3498
3506
3522
3538
3546
3558
3566
3578
3074
4702
4718
4738
4754
4758
4946
4450
4474
4494
4506
4510
4530
4094
4102
4118
4126
4134
4146
4154
4166
3670
3682
3694
3702
3714
3726
3734
3742
3246
3258
3274
3278
4862
4890
4902
5062
4570
4582
4598
4606
4618
4626
4198
4210
4222
4234
4242
4254
4258
4274
3762
3774
5098
4602
4646
4654
4670
4682
4694
4262
4282
4290
4306
4314
4326
4338
4342
3834
3846
3854
3866
3870
3886
3902
3406
3418
3430
3434
3450
3458
3462
3478
2982
2986
4702
4718
4738
4786
4798
4814
4310
4322
4338
4350
4362
4374
3934
3946
3954
3970
3978
3990
4002
4010
3498
3510
3522
3534
3542
3554
3566
3570
3082
3098
3102
3438
4882
4890
4906
4926
4418
4422
4430
4446
4458
4470
4054
4066
4074
4090
4102
4190
4198
4222
3710
3730
3742
3746
3762
3774
3778
3294
3306
3318
3330
3338
3346
3366
5146
4682
4698
4718
4722
4738
4750
4314
4314
4330
4342
4358
4366
4378
4386
3866
3882
3890
3898
3914
3922
3930
3442
3454
3462
3474
3486
3490
3506
3014
3026
3034
4670
4686
4730
4742
4754
4782
4282
4298
4310
4318
4334
4342
3354
3362
4794
4826
4838
4846
4350
4366
4374
4390
4414
4422
4438
3994
4010
4018
4030
4042
4050
4062
4074
3562
3574
3662
3698
3714
3730
3742
3258
3266
3278
3298
3306
3322
5146
5190
4698
4714
4726
4742
4754
4766
4330
4342
4350
4358
4370
4378
4394
4402
3886
3898
3910
3922
3934
3942
3958
3466
3478
3490
3498
3510
3522
3534
5102
5122
5130
5146
5154
5162
5174
4662
4674
4686
4698
4706
4718
4290
4306
4314
4318
4338
4350
4362
4366
3854
3866
3874
3882
3894
3906
3910
3426
3442
3450
3462
4738
4758
4818
4826
4834
4342
4358
4374
4398
4406
4418
3986
3994
4002
4018
4030
4034
4042
4058
3546
5118
5330
5334
4850
4862
4874
4886
4894
4906
4474
4490
4498
4506
4518
4530
4542
4554
4030
4038
4058
4062
4070
4086
4094
3598
3610
3622
3630
3646
3658
3666
3178
4698
4894
4910
4922
4930
4946
4962
4442
4450
4462
4474
4482
4498
4066
4078
4090
4102
4106
4122
4130
4138
3642
3654
3662
3674
3686
3690
3710
3214
3230
3234
3250
4794
4814
4822
4850
4862
4362
4374
4386
4398
4410
4426
3990
4906
4914
4962
4462
4474
4490
4514
4522
4542
4194
4202
4218
4230
4242
4258
4270
4274
3762
3774
3782
3794
3806
3818
3830
3346
3354
3366
3378
3386
3394
3406
3418
4618
4698
4718
4734
4746
4758
4770
4782
4286
4294
4306
4318
4330
4342
4354
3914
3922
3934
3946
3958
3970
3982
3482
3490
3502
3514
3522
3534
3542
3554
3046
3062
4766
4774
4794
4802
4814
4826
4322
4330
4346
4362
4374
4394
3962
3974
3990
3994
4006
4018
4030
4038
3530
3550
3566
3578
3686
3702
3722
3230
3238
3250
3262
3274
5162
5190
5214
4726
4734
4742
4762
4770
4786
4802
4370
4374
4382
4394
4406
4414
4430
3922
3934
3942
3950
3966
3974
3986
3994
3486
3490
3502
3510
3530
3542
3542
4654
4686
4706
4710
4738
4750
4758
4262
4270
4278
4290
4306
4314
3882
3894
3902
3918
3930
3942
3946
3986
3474
3486
3494
3510
3518
3530
3542
3558
3062
3074
3086
4758
4774
4786
4810
4826
4326
4334
4346
4358
4366
4382
4390
3950
4034
4046
4058
4074
4086
4098
4110
4838
4846
4866
4882
4366
4398
4406
4422
4438
4450
4462
3990
3994
4010
4018
4030
4042
4054
3674
3686
3706
3718
3734
3742
3758
3278
3282
3298
3310
3318
3338
3346
4902
4918
4450
4466
4486
4494
4510
4522
4534
4546
4102
4138
4150
4162
4170
4190
4202
3770
3782
3790
3802
3814
3826
3830
3338
3350
3358
3370
3378
3394
3406
3414
4686
4706
4726
4742
4750
4766
4778
4790
4282
4298
4310
4326
4334
4342
3902
3914
3926
3934
3950
3962
3970
3466
3478
3490
3506
3506
3522
3538
3542
3054
3062
3066
4694
4714
4726
4746
4754
4766
4262
4274
4286
4294
4306
4318
4330
4338
3838
3846
3858
3874
3914
3918
3934
3490
3506
3518
3530
3542
3550
3562
3082
3090
3102
3126
4758
4790
4798
4810
4830
4322
4330
4350
4358
4366
4382
4394
4822
4834
4886
4390
4398
4446
4458
4466
4478
4486
4494
3998
4010
4014
4034
4046
4054
4062
3618
3626
3646
3654
3658
3734
3762
3282
3298
3306
3314
3330
3342
3354
5198
4722
4738
4750
4754
4774
4782
4790
4282
4298
4314
4322
4334
4338
4354
4362
3850
3862
3874
3886
3902
3910
3478
3490
3498
3514
3526
3534
3546
3054
3062
3074
4714
4742
4758
4774
4786
4798
4298
4306
4318
4330
4346
4358
4370
4382
3874
3882
3894
3906
3914
3930
3498
3502
3522
3530
3538
3554
3566
3570
3170
3182
3190
3214
4842
4862
4886
4894
4386
4398
4414
4426
4442
4458
4486
4498
4002
4014
4022
4030
4046
4054
3606
3622
3918
3930
3486
3502
3514
3522
3534
3546
3558
3074
4686
4698
4726
4738
4750
4766
4778
4270
4282
4290
4302
4310
4318
4330
4338
3854
3862
3874
3886
3894
3910
3470
3482
3490
3502
3510
3522
3534
3538
3046
3054
3066
4746
4758
4778
4790
4802
4810
4314
4326
4338
4350
4358
4370
4378
3874
3890
3902
3914
3926
3938
3946
3498
3506
3522
3534
3546
3558
3570
3078
3090
3102
3106
3122
4966
4998
5018
4506
4518
4530
4538
4550
4562
4574
4594
4086
4094
4190
4202
4210
4242
4258
3762
3774
3786
3794
3802
3818
3394
3402
3418
3426
3434
3446
3458
3462
4550
4650
4714
4722
4738
4750
4766
4782
4278
4290
4294
4310
4322
4334
4346
4362
3846
3858
3870
3874
3890
3902
3462
3474
3494
3502
3518
3530
3542
3554
3066
3082
4742
4762
4778
4786
4802
4818
4306
4318
4330
4338
4354
4358
4370
3882
3894
3914
3918
3930
3942
3958
3502
3518
3530
3538
3554
3562
3570
3082
3106
3114
3126
3138
4790
4798
4818
4842
4338
4354
4366
4386
4390
4398
4414
4426
3918
3946
3958
3970
3982
3990
4002
4014
3506
3514
3530
3546
3558
3562
3142
3218
3246
3258
3270
3278
5074
5094
4646
4670
4730
4742
4754
4770
4782
4286
4302
4306
4322
4330
4338
4358
4366
3862
3878
3890
3894
3910
3918
3930
3490
3498
3510
3526
3538
3546
3558
3070
3078
3090
4794
4830
4842
4850
4862
4358
4370
4374
4386
4398
4414
4426
4434
3934
3950
3962
3970
3982
3990
4006
4794
4810
4830
4842
4330
4342
4350
4370
4378
4390
4402
4410
3910
3922
3934
3950
3962
3978
3990
3998
3494
3502
3510
3518
3530
3538
3126
3142
3150
3250
3266
3278
4874
4886
4902
4398
4410
4422
4434
4458
4474
4490
4502
3998
4006
4018
4066
4078
4086
4098
4114
3618
3658
3686
3702
3714
3726
3294
3310
3326
3338
3342
3358
3370
5046
4550
4722
4734
4746
4766
4770
4786
4290
4302
4318
4326
4694
4726
4774
4790
4802
4806
4822
4314
4322
4334
4350
4358
4374
4382
4394
3886
3898
3906
3918
3926
3934
3946
3450
3462
3474
3486
3498
3506
3518
3086
3094
3110
4722
4734
4754
4766
4774
4270
4282
4290
4306
4318
4330
4342
4354
3858
3874
3882
3902
3906
3922
3930
3946
3434
3450
3462
3466
3482
3494
3066
3134
3158
3170
3182
4878
4894
4914
4410
4422
4438
4454
4462
4470
4486
4498
3986
3998
4010
4026
4034
4046
4054
4070
3566
3578
3690
3702
3718
3730
3746
3254
3270
3278
3286
3302
3314
5166
4662
4722
4742
4758
4770
4790
4798
4298
4314
4326
4338
4350
4362
4370
4382
3878
3890
3902
3906
3918
3934
3946
3950
3438
3454
3466
3482
3482
3498
3078
3086
3518
3534
3546
3550
3130
3146
3150
3166
4774
4790
4798
4810
4826
4322
4334
4342
4354
4366
4374
4390
4402
3914
3930
3938
3950
3974
3982
3990
4010
3506
3518
3530
3538
3554
3570
3574
3082
3094
3102
3134
5078
5090
5202
4710
4722
4734
4750
4762
4766
4786
4802
4294
5174
4678
4726
4742
4758
4774
4786
4802
4826
4318
4330
4342
4358
4358
4374
4386
4398
3902
3914
3922
3942
3946
3962
3978
3986
3478
3486
3498
3514
3522
3530
3098
4686
4754
4786
4794
4810
4826
4834
4330
4342
4354
4366
4378
4386
4394
4410
3914
3922
3938
3950
3954
3966
3978
3990
3478
3486
3490
3506
3518
3530
3538
3550
3058
4686
4702
4714
4730
4742
4750
4250
4262
4270
4286
4294
4306
4318
4330
3822
3834
3854
3854
3870
3882
3886
3906
3398
3402
3418
3434
3442
3458
3466
3474
2982
2994
4750
4766
4782
4782
4802
4814
4314
4326
4342
4346
4366
4370
4386
3882
3902
3918
3926
3942
3954
3962
3974
3454
3466
3478
3490
3502
3510
3522
3042
3070
3098
3110
4722
4734
4782
4798
4314
4338
4354
4362
4374
4386
4390
4410
4862
4882
4926
4498
4518
4526
4534
4546
4562
4570
4078
4090
4098
4110
4122
4130
4158
4198
3698
3718
3726
3738
3750
3758
3770
3278
3286
3294
3306
3318
3334
3338
4566
4582
4586
4698
4714
4734
4742
4750
4242
4258
4266
4274
4286
4298
4314
4330
3818
3826
3842
3850
3858
3874
3886
3402
3414
3426
3434
3446
3454
3466
3474
2966
4726
4734
4746
4762
4778
4790
4802
4302
4310
4322
4338
4342
4354
4370
3870
3878
3886
3898
3906
3922
3946
3450
3466
3478
3482
3498
3506
3514
3530
3050
3062
3074
4654
4678
4726
4742
4314
4342
4354
4370
4378
4394
4406
4418
3914
3926
3938
3950
3962
3974
3986
3990
5002
4586
4594
4710
4730
4734
4750
4758
4770
4274
4286
4290
4310
4322
4326
4342
4354
3846
3862
3874
3882
3890
3910
3918
3418
3426
3434
3450
3458
3466
3478
3490
5150
4650
4662
4674
4682
4698
4710
4278
4286
4294
4306
4318
4330
4342
3846
3854
3866
3878
3894
3906
3906
3926
3414
3426
3438
3446
3458
3470
3482
3490
2990
3014
4662
4694
4738
4754
4770
4362
4378
4382
4394
4406
4418
4426
4442
3934
3950
3958
3970
3990
3998
4010
4018
3514
3522
3534
3546
3554
3566
3578
3098
3190
3202
3210
4798
4814
4870
4894
4458
4466
4478
4486
4498
4510
4522
4018
4030
4046
4050
4066
4070
4082
4098
3590
3602
3690
3718
3738
3750
3758
3278
3286
3298
3310
3322
3334
5010
5026
4534
4650
4670
4678
4694
4710
4714
4274
4286
4298
4310
4318
4326
4342
4350
3838
3858
3862
3870
3886
3898
3902
3402
3414
3426
3438
3446
3458
3470
3478
5154
4650
4658
4670
4686
4702
4730
4310
4322
4342
4354
4362
4370
4386
4398
3882
3886
3898
3910
3918
3930
3938
3950
3450
3462
3474
3482
3490
3498
3514
3018
3022
4610
4622
4662
4682
4706
4278
4290
4306
4314
4330
4346
4350
4766
4786
4834
4854
4862
4362
4374
4378
4398
4406
4418
4434
3994
4006
4018
4026
4038
4050
4062
4070
3570
3586
3594
3602
3666
3678
3714
3226
3242
3250
3266
3278
4862
4882
4898
4406
4418
4430
4434
4450
4466
4474
4030
4042
4054
4066
4078
4090
4154
4202
3710
3726
5158
5178
4674
4690
4698
4714
4722
4730
4294
4306
4310
4326
4338
4342
4354
3846
3854
3866
3878
3886
3902
3918
3422
3774
3786
3810
3826
3838
3846
3854
3362
3370
4674
4686
4734
4782
4794
4810
4830
4318
4330
4342
4350
4358
4374
3942
3954
3962
3974
3986
3994
4006
4018
3518
3526
3538
3542
3558
3574
3578
3098
3178
3186
3202
4838
4874
4922
4930
4414
4434
4442
4458
4478
4490
4054
4066
4074
4086
4098
4106
4114
4158
3650
3670
3682
3690
3702
3714
3726
3242
3254
3258
3274
3286
3294
3310
