Latency
7022
7038
6538
6554
6566
6590
6594
6194
6206
6222
6234
6242
6250
5750
5770
5778
5990
5498
5502
5518
5538
5546
5046
5058
5066
5074
5094
4658
4662
4674
4686
4694
6678
6694
6722
6214
6222
5722
5742
5750
5758
5262
5274
5278
4778
4786
4802
4806
4822
4386
4394
4406
4418
3918
3926
3946
3950
3962
3462
3474
3478
3494
3506
3510
4870
4886
4898
4914
4918
4926
4438
4446
4454
4466
4486
4498
4514
4062
4354
4366
4382
4394
4402
4422
3922
3926
3946
3954
3962
3974
3986
3494
3510
3526
3526
3542
5298
4798
4814
4826
4842
4854
4870
4434
4446
4458
4466
4482
4494
4502
4514
4010
4022
4030
4042
4054
4062
4078
3590
3686
3698
3726
3738
3754
3766
3766
3270
3282
5118
5142
5154
4722
4734
4742
4762
4770
4782
4794
4806
4298
4314
4322
4326
4346
4354
4358
4374
3854
3862
3874
3886
3894
3910
3922
3434
3446
3458
3462
3474
3494
5250
4762
4774
4786
4794
4810
4826
4390
4410
4426
4430
4446
4454
4466
3970
3982
3994
3998
4014
4022
4038
3526
3542
3554
3562
3574
3586
3914
3930
3450
3462
3478
4990
5014
4578
4590
4662
4710
4726
4746
4758
4794
4298
4314
4322
4338
4346
4362
4366
4386
3862
3870
3886
3894
3902
3918
3926
3450
3458
3474
3486
3494
3506
3522
5042
5074
5086
5098
5222
5246
5258
4758
4766
4782
4786
4802
4814
4822
4330
4342
4350
4358
4374
4378
4394
3890
3906
3914
3922
3934
3946
3962
3462
3478
3486
3714
5194
4750
4766
4778
4794
4806
4814
4830
4346
4350
4366
4382
4398
4410
4422
4430
3934
3946
3954
3966
3982
3990
4006
3494
3506
3514
3530
3546
3554
3570
3066
3074
5202
5218
4714
4730
4738
4750
4758
4770
4790
4278
4286
4302
4310
4322
4374
4390
4406
3894
3902
3922
3934
3946
3962
3970
3486
3498
3506
3522
3538
3554
3122
3134
5070
5082
5090
4666
4674
4710
4738
4762
4790
4798
4306
4318
4330
4342
4358
4362
4374
4390
3878
3890
3902
3910
3922
3938
3942
3954
3454
3462
3470
3486
3498
3506
4746
4774
4782
4794
4810
4826
4838
4330
4346
4358
4366
4382
4394
4398
4410
3906
3914
3930
3942
3950
3962
3978
3482
3494
3506
3518
3526
3542
3102
3118
3138
3146
5202
5214
5238
4730
4742
4762
4770
4782
4794
4802
4298
4310
4322
4330
4346
4386
4402
4418
3902
3918
3934
3934
3954
3962
3534
3546
3562
3566
3582
3594
3602
3102
5066
5082
5102
5114
5122
4758
4766
4778
4790
4806
4822
4830
4326
4334
4342
4358
4370
4382
4390
3886
3902
3914
3922
3930
3938
3514
3530
3534
3542
3554
3570
3778
4814
4826
4834
4850
4858
4870
4894
4398
4410
4426
4438
4450
4462
4474
4490
3978
3986
3998
4010
4022
4110
3678
3706
3726
3730
3750
3762
3770
3274
3286
3298
3314
5210
5230
4746
4758
4770
4782
4790
4802
4818
4330
4338
4350
4358
4370
4378
4398
3950
3962
3974
3990
3998
4006
4018
3522
3526
3542
3554
3562
3570
3590
3594
3090
5130
5154
5170
5186
5202
4698
4710
4726
4730
4742
4758
4770
4778
4262
4278
4290
4298
4310
4318
3886
3906
3918
3930
3946
3954
3958
3474
3482
3486
3502
3514
3522
4750
4774
4790
4802
4818
4826
4838
4846
4354
4370
4378
4394
4418
4430
3994
4010
4026
4030
4046
4058
4062
4078
3570
3578
3590
3658
3674
3694
3702
3210
3222
3234
5138
5154
5174
4670
4678
4686
4774
4782
4798
4358
4374
4386
4394
4406
4418
4426
4442
3922
3930
3950
3958
3970
3982
3990
3510
3522
3534
3538
3550
3566
3574
3590
4802
4838
4866
4882
4890
4914
4918
4414
4426
4442
4454
4462
4482
4054
4054
4070
4082
4090
4110
4190
4198
3694
3746
3754
3762
3774
3786
3798
3302
3306
3326
3342
5154
5170
4662
4674
4682
4698
4710
4718
4290
4318
4330
4350
4362
4370
4382
4398
3882
3890
3902
3918
3930
3950
3978
3486
3498
3510
3518
3530
3542
3554
3558
3054
5250
5270
5282
5294
4846
4850
4866
4874
4890
4890
4906
4410
4418
4426
4442
4454
4466
4470
4486
3966
3982
3994
4006
4018
4022
4034
3554
3566
3574
3586
3594
3602
4638
4658
4662
4682
4690
4706
4714
4282
4298
4314
4322
4334
4342
4358
3862
3882
3890
3906
3910
3930
3938
3950
3438
3466
3474
3482
3498
3510
3526
3034
3038
3054
4994
5018
5030
4690
4722
4730
4746
4758
4766
4774
4278
4286
4306
4318
4326
4334
4350
4362
3854
3862
3878
3894
3902
3918
3926
3438
3454
3466
3470
3494
3502
3506
4766
4778
4790
4802
4810
4826
4830
4334
4358
4374
4382
4406
4418
4430
4446
3946
3962
3978
3998
4006
4014
4026
3530
3538
3550
3562
3570
3582
3598
3690
3198
3214
4882
4890
4898
4466
4474
4486
4498
4522
4530
4542
4042
4050
4062
4070
4082
4166
4242
4254
3758
3766
3778
3790
3806
3814
3826
3334
3346
3354
3366
3374
3386
3394
4726
4742
4758
4766
4782
4794
4806
4818
4310
4338
4346
4366
4378
4386
4406
4418
3902
3910
3926
3934
3950
3966
3978
3474
3486
3498
3502
3518
3530
3542
3050
3070
5198
5230
5246
4730
4742
4758
4762
4770
4786
4802
4294
4306
4318
4334
4350
4358
4366
3870
3878
3890
3902
3914
4178
4198
3710
3722
3730
3746
3758
3762
3778
3278
4982
4998
5010
5022
5026
4534
4538
4554
4570
4586
4682
4706
4222
4234
4258
4270
4278
4478
4498
4518
4010
4022
4026
4042
4058
4066
4082
3594
3602
3618
3622
3630
5218
4730
4742
4758
4774
4794
4806
4814
4826
4318
4326
4342
4354
4370
4382
4394
3902
3914
3930
3938
3942
3962
3978
3466
3474
3478
3490
3506
3514
3082
3094
3114
5186
5198
5210
5230
4742
4746
4754
4766
4778
4786
4802
4290
4306
4318
4326
4342
4354
4362
3862
3870
3886
3894
3906
3926
3934
3442
3450
3458
3470
3482
3490
3062
5046
5074
5094
5110
5210
4702
4714
4726
4734
4750
4762
4778
4286
4294
4310
4322
4330
4334
4350
4358
3842
3854
3870
3886
3898
3898
3486
3498
3502
3518
3522
3534
4806
4818
4834
4842
4858
4874
4894
4898
4394
4414
4438
4454
4470
4482
4490
3990
3998
4018
4026
4042
4046
3602
3610
3626
3634
3650
3654
3706
3722
3554
3578
3594
5210
5226
5234
4738
4750
4754
4770
4786
4798
4814
4822
4314
4326
4334
4346
4354
4366
4382
3878
3894
3902
3906
3918
3926
3502
3514
3522
3530
3546
3558
3566
3070
5126
5162
5166
5186
5198
4694
4702
4718
4726
4746
4758
4770
4782
4286
4302
4306
4318
4330
4338
3902
3918
3926
3934
3950
3958
3962
3470
3482
3498
3502
3518
3530
4838
4874
4898
4914
4918
4930
4942
4958
4450
4466
4478
4486
4494
4506
4062
4078
4086
4202
4218
4226
4242
3734
3750
3774
3790
3802
3814
3818
3334
3346
3358
3362
5542
5558
5154
5178
5190
5210
5222
5234
5246
4730
4738
4762
4774
4782
4802
4806
4374
4386
4402
4410
4414
4426
4442
3942
3954
3966
3974
3986
3998
4010
3518
3526
4998
5018
5034
5042
5058
5146
4726
4746
4746
4762
4770
4782
4798
4802
4294
4306
4318
4338
4346
4362
4378
3878
3886
3898
3910
3922
3930
3942
3450
3462
3478
3486
5490
5054
5070
5082
5090
5102
5110
5122
5138
4634
4638
4658
4666
4678
4690
4702
4190
4206
4214
4230
4242
4246
4262
3758
3766
3782
3794
3802
3818
3830
3330
3346
4978
5014
5026
4598
4678
4694
4714
4726
4734
4746
4250
4266
4282
4290
4302
4318
4322
4334
3822
3838
3850
3854
3866
3882
3898
3398
3414
3422
3434
3442
3458
3466
4734
4746
4762
4774
4790
4798
4806
4822
4318
4330
4346
4358
4374
4386
4394
3902
3910
3926
3938
3950
3966
3978
4002
3502
3514
3522
3534
3546
3558
3570
3078
3086
5058
5078
5090
5106
4690
4990
4998
5010
5022
5034
5042
4562
4574
4590
4598
4610
4626
4634
4642
4138
4142
4158
4166
4178
4190
4202
3710
3718
3730
3746
3746
3758
4774
4794
4818
4830
4838
4854
4862
4362
4386
4398
4406
4418
4606
4626
4638
4130
4142
4154
4166
4174
4186
4202
3702
3714
3726
3734
3750
3762
3766
3262
3274
3278
5182
5246
5254
4758
4778
4782
4790
4810
4822
4834
4326
4330
4346
4354
4366
4378
4394
4402
3882
3894
3910
3922
3934
3950
3962
3486
3498
3506
3514
3530
3534
3546
4694
4706
4726
4738
4790
4794
4810
4818
4310
4322
4338
4346
4362
4370
4378
3894
3910
3918
3926
3938
3946
3966
3978
3466
3474
3482
3498
3506
3514
3522
3542
3038
5078
5178
5194
5210
4714
4734
4750
4758
4770
4778
4794
4286
4294
4302
4318
4334
4338
4350
4362
3846
3858
3870
3874
3890
3902
3910
3430
3446
3454
3466
3474
3486
4714
4730
4746
4766
4774
4790
4794
4810
4306
4638
4658
4670
4678
4694
4706
4210
4222
4234
4242
4254
4270
4282
4290
3774
3782
3798
3806
3814
3830
3398
3406
3422
4954
4970
4994
5002
4506
4522
4526
4542
4546
4566
4578
4590
4078
4094
4182
4206
4218
4234
4246
3738
3746
3762
3770
3778
3794
3802
3302
3318
3326
3342
3358
3362
4694
4722
4742
4754
4762
4774
4782
4794
4282
4290
4306
4314
4322
4330
4346
4358
3854
3870
3882
3886
3898
3906
3918
3414
3426
3486
3502
3514
3522
3098
3110
3126
4982
4990
5002
5018
5026
4510
4522
4538
4546
4558
4570
4594
4174
4190
4206
4214
4230
4238
4246
4262
3758
3770
3778
3794
3806
3810
3382
3394
3410
3418
3434
3446
4746
4762
4778
4790
4810
4818
4826
4846
4346
4354
4370
4382
4390
4410
4418
3934
3938
3954
3962
3974
3978
3994
4010
3510
3526
3534
3542
3558
3570
3130
3146
3214
5038
5066
5090
4590
4602
4686
4718
4730
4738
4746
4774
4258
4266
4282
4298
4310
4318
4322
3838
3846
3862
3870
3878
3902
3466
3474
3490
3498
3506
3518
3526
3534
4882
4898
4906
4918
4926
4942
4958
4458
4466
4478
4494
4502
4518
4530
4538
4030
4042
4066
4074
4086
4102
3658
3750
3770
3782
3798
4054
4078
3594
3614
3618
3630
5258
5274
4762
4774
4782
4802
4814
4826
4834
4334
4346
4354
4366
4378
4382
4394
3894
3902
3918
3930
3942
3950
3518
3526
3534
3562
3570
3582
3658
3682
3206
3210
5130
5154
5174
5186
4658
4674
4690
4702
4710
4718
4726
4230
4246
4254
4270
4278
4294
3858
3874
3886
3894
3910
3918
3930
3446
3450
3458
3474
3482
3494
3502
3510
4862
4878
4898
4914
4922
4926
4950
4446
4470
4470
4486
4490
4506
4070
4074
4082
4098
4110
4118
4182
4206
3698
3722
3742
3746
3766
3770
3786
3298
3310
3318
3330
5258
5270
4766
4778
4786
4802
4806
4826
4830
4334
4358
4374
4390
4406
4434
4446
3994
4002
4018
4030
4042
4046
4066
3582
3590
3598
3614
3638
3662
3702
3202
3214
5154
5170
5226
5242
4722
4738
4746
4762
4774
4778
4354
4362
4378
4386
4398
4406
4418
3922
3930
3946
3950
3966
3978
3990
3506
3514
3522
3542
3550
3558
3574
3070
4814
4834
4842
4858
4866
4414
4430
4458
4470
4482
4490
4502
4010
4022
4026
4050
4062
4078
4086
3586
3674
3698
3742
3750
3762
3778
3278
3294
3306
3310
3326
3342
5002
5038
4538
4642
4654
4670
4678
4694
4250
4258
4274
4282
4298
4306
4310
4330
3826
3834
3842
3858
3870
3878
3890
3394
3402
3414
3430
3438
3450
3462
3474
2970
4694
4710
4726
4738
4750
4758
4318
4338
4342
4366
4374
4386
4406
3898
3910
3926
3934
3962
3974
4222
3738
3754
3770
3786
3794
3810
3818
3830
3318
3326
3342
3346
5018
5142
5154
4726
4738
4750
4766
4774
4786
4802
4298
4310
4322
4334
4346
4358
4370
4374
3854
3870
3878
3886
3902
3910
3922
3446
3450
3466
3478
3490
3498
3514
5118
4642
4654
4674
4682
4698
4714
4726
4274
4290
4306
4318
4342
4358
4370
3878
3890
3898
3902
3914
3930
3946
3430
3442
3458
3466
3478
3490
3498
3010
3018
3062
4830
4990
5006
5026
4578
4586
4610
4626
4634
4646
4654
4154
4170
4174
4186
4202
4210
4218
4230
3726
3734
3738
3750
3762
3774
3786
3298
3310
3322
3326
3338
3354
5126
4698
4710
4726
4746
4750
4766
4778
4282
4294
4310
4322
4330
4338
4350
4358
3850
3870
3878
3886
3898
3906
3918
3426
3430
3438
3450
3466
3474
3486
2982
2998
4758
4778
4790
4802
4814
4362
4378
4390
4402
4410
4422
4438
3934
3946
3958
3966
3986
3998
4006
4018
3510
3522
3534
3542
3558
3570
3586
3174
3194
3210
3226
3238
5014
5034
4710
4722
4738
4746
4762
4774
4790
4834
4318
4330
4338
4350
4358
4370
4378
3874
3886
3898
3914
3914
3926
3942
3450
3458
3466
3486
3494
3506
3518
3026
4798
4822
4838
4850
4862
4878
4370
4378
4394
4402
4438
4458
4474
4486
3974
3982
4002
4010
4022
4034
4038
3546
3558
3570
3578
3594
3602
3674
3186
3198
3210
3226
5018
5034
5130
4698
4722
4730
4742
4758
4762
4774
4282
4294
4298
4318
4326
4342
4358
4362
3842
3854
3870
3874
3886
3898
3910
3426
3434
3442
3454
3462
3470
3482
4734
4734
4758
4770
4774
4790
4806
4818
4306
4318
4330
4346
4354
4362
4374
3874
3886
3902
3914
3922
3942
3958
3458
3470
3482
3506
3522
3538
3542
3054
3066
3074
4850
4874
4890
4898
4398
4414
4422
4438
4450
4466
4470
3974
3986
3994
4014
4034
4046
4066
4074
3570
3578
3586
3698
3726
3746
3758
3266
3274
3294
3298
3310
3326
5142
4710
4726
4738
4750
4758
4770
4778
4290
4310
4322
4326
4338
4346
4358
4370
3846
3862
3866
3878
3890
3902
3914
3414
3426
3442
3442
3458
3466
3478
2978
2990
4802
4826
4838
4854
4858
4342
4358
4370
4378
4398
4426
4434
3942
3954
3966
3978
3986
3998
4006
4026
3514
3526
3538
3550
3558
3570
3894
3414
3422
3434
3446
3454
5194
5214
4718
4730
4738
4750
4762
4786
4810
4298
4302
4318
4326
4334
4350
4362
3866
3878
3886
3898
3910
3914
3930
3438
3446
3454
3462
3478
3486
3494
3510
3002
4742
4754
4770
4786
4794
4802
4302
4310
4326
4338
4358
4382
4394
3894
3902
3918
3926
3942
3954
3962
3974
3462
3482
3510
3522
3538
3550
3562
3062
3078
3086
3154
5102
5122
5138
4690
4710
4722
4738
4742
4758
4766
4782
4278
4290
4298
4310
4326
4338
4350
3846
3854
3870
3874
3882
3894
3910
3402
3418
3426
3438
3450
3466
3026
4690
4702
4718
4726
4746
4754
4766
4262
4270
4286
4302
4318
4334
4346
3846
3862
3874
3922
3946
3958
3966
3982
3474
3486
3498
3506
3518
3530
3570
3086
3094
3110
5058
5074
5086
5102
4978
4994
5014
5022
5034
5050
5058
4558
4570
4582
4590
4606
4614
4626
4638
4134
4142
4154
4170
4178
4190
4202
3706
3718
3730
3738
3746
3758
5234
4734
4746
4758
4770
4782
4790
4806
4298
4314
4330
4354
4362
4570
4590
4098
4110
4122
4130
4146
4154
4166
3666
3670
3686
3698
3698
3714
3278
3294
3302
3314
4850
4894
4902
4918
4414
4426
4434
4442
4454
4466
4478
3982
3998
4006
4014
4030
4034
4046
4058
3558
3566
3582
3710
3726
3730
3742
3250
3262
3262
3274
3294
3302
5194
4702
4718
4738
4750
4810
4818
4830
4330
4338
4346
4362
4370
4382
4394
4410
3886
3898
3910
3918
3930
3946
3954
3466
3482
3490
3506
3510
3518
3090
3102
3118
4750
4770
4778
4910
4926
4946
4442
4450
4466
4478
4482
4494
4510
4002
4018
4034
4038
4050
4062
4070
4078
3570
3574
3582
3598
3606
3618
3194
3202
3210
3218
3230
5054
5070
5086
4594
4674
4726
4742
4754
4770
4842
4322
4338
4346
4354
4370
4382
4398
4410
3906
3922
3926
3938
3954
3962
3970
3474
3490
3502
3506
3514
3530
3090
4698
4718
4746
4754
4770
4782
4790
4282
4290
4318
4330
4342
4354
4370
4378
3874
3886
3894
3902
3914
3926
3938
3442
3750
3762
3782
3794
3806
3374
3382
3398
3414
4846
4862
4878
4890
4378
4390
4398
4414
4430
4454
4474
3970
3978
3998
4006
4018
4026
4034
4042
3566
3570
3582
3598
3610
3694
3270
3274
3290
5198
5222
4718
4730
4810
5094
5102
5114
5126
5134
4622
4638
4650
4658
4674
4682
4690
4190
4202
4210
4222
4234
4242
4258
3762
3766
3778
3794
3798
3810
3378
3386
3406
3418
3422
3434
5070
5102
4610
4698
4718
4742
4754
4766
4774
4266
4274
4286
4302
4314
4326
4334
4342
3846
3854
3862
3878
3886
3898
3470
3478
3490
3498
3506
3522
3526
3542
3054
4710
4726
4734
4754
4758
4770
4782
4262
4278
4298
4310
4326
4342
4350
4366
3858
3862
3878
3890
3902
3918
3922
3442
3446
3462
3466
3486
3494
3066
3074
3086
3090
5074
5190
5214
5222
4722
4738
4754
4766
4774
4790
4794
4286
4302
4310
4322
4334
4342
4358
4370
3858
3878
3886
3906
3914
3926
3502
3518
3530
3542
3546
3562
3574
5214
4710
4730
4746
4758
4774
4782
4798
4802
4306
4310
4326
4334
4346
4354
4366
3870
3878
3894
3906
3914
3926
3474
3482
3502
3514
3514
3534
3546
3554
3062
3070
4806
4826
4842
4850
4862
4874
4370
4382
4390
4402
4414
4422
4438
3938
3954
3962
3974
3986
3998
4010
3498
3514
3538
3554
3578
3594
3230
3254
3262
3270
3286
3298
5198
5226
4730
4746
4758
4770
4778
4794
4802
4302
4310
4322
4334
4342
4350
4366
4370
3862
3878
3890
3902
3906
3922
3494
3502
3514
3530
3538
3550
3562
3046
3058
4746
4762
4778
4794
4810
4814
4318
4334
4346
4362
4374
4386
4402
3886
3902
3906
3918
3930
3934
3954
3510
3522
3534
3550
3554
3566
3574
3094
3102
3114
3122
3130
5046
5066
5078
4578
4594
4602
4694
4714
4726
4826
4314
4322
4338
4354
4362
4374
4382
4398
3894
3906
3914
3922
3942
3950
3518
3534
3546
3558
3574
3582
3586
3090
4674
4702
4714
4726
4742
4750
4762
4258
4274
4282
4294
4310
4318
4326
4338
3830
3842
3858
3870
3882
3894
3458
3470
3478
3486
3506
3510
3522
3030
3050
3370
3390
4822
4838
4850
4862
4882
4362
4382
4390
4398
4430
4446
4466
3974
3986
3994
4010
4018
4030
4046
3610
3618
3630
3638
3654
3666
3674
3266
3274
3290
3302
3318
3334
5066
5090
4606
4734
4758
4770
4782
4790
4810
4818
4310
4322
4334
4342
4354
4362
4378
3850
3862
3874
3882
3898
3902
3478
3490
3502
3510
3526
5138
5158
5166
5174
5190
5202
4690
4710
4722
4726
4742
4750
4758
4266
4278
4282
4302
4310
4318
3882
3890
3906
3914
3926
3934
3946
3450
3458
3470
3486
3490
3502
5194
5238
4746
4754
4766
4782
4790
4798
4810
4302
4322
4330
4346
4354
4366
3914
3926
3934
3946
3958
3966
3978
3482
3494
3514
3518
3526
3542
3550
3066
3074
3082
4806
4822
4842
4854
4858
4354
4370
4390
4398
4418
4434
4442
3946
3958
3966
3982
3990
4002
4022
3582
3590
4022
4042
4058
4074
4086
3586
3598
3614
3614
3626
3642
5158
5170
4674
4686
4710
4722
4734
4750
4758
4766
4238
4254
4266
4274
4286
4294
3874
3886
3898
4202
4222
4242
4254
3766
3778
3786
3794
3806
3814
3822
3334
3342
4830
4854
4870
4886
5138
5146
4654
4838
4842
4858
4866
4878
4890
4390
4406
4414
4430
4438
4446
4458
4014
4022
4034
4046
4058
4066
4082
3594
3602
3618
3626
3638
3654
3662
3670
3166
4686
4698
4714
4726
4934
4954
4974
4470
4478
4494
4502
4510
4522
4090
4102
4110
4126
4138
4146
4154
4162
3654
3670
3674
3690
3702
3710
3722
3226
3238
3250
3254
4870
4878
4886
4902
4914
4418
4434
4458
4470
4482
4494
4050
4062
4074
4082
4098
4194
4206
3710
3718
3738
3742
3758
3770
3778
3298
3306
3314
3322
3334
3342
3354
5154
4650
4662
4674
4682
4698
4718
4730
4226
4242
4254
4278
4286
4294
4314
3858
3870
3882
3894
3902
3918
3926
3454
3470
3482
3494
3502
3510
3526
3538
3042
3050
4766
4782
4810
4826
4838
4846
4342
4354
4358
4370
4386
4394
3966
3978
3990
4006
4018
4026
4034
4050
3546
3558
3566
3578
3670
3706
3714
3218
3242
3258
3270
3278
5126
5138
5154
4666
4678
4686
4698
4710
4726
4286
4298
4314
4318
4326
4342
4350
4366
3850
3858
3878
3886
3894
3910
3918
3414
3426
3434
3450
3454
3466
3482
2990
5090
5106
5122
5134
5146
5162
5174
4658
4666
4682
4694
4702
4710
4278
4286
4306
4318
4330
4338
4350
3842
3854
3862
3874
3886
3898
3910
3414
3426
3438
3450
3462
5038
5046
5062
4614
4630
4670
4682
4726
4738
4318
4330
4346
4358
4370
4374
4386
4402
3890
3898
3906
3914
3930
3934
3954
3458
3466
3474
3490
3498
3506
3514
3034
4650
4666
4682
4710
4726
4734
4294
4306
4318
4330
4342
4350
4366
4374
3862
3874
3890
3898
3918
3926
3934
3458
3462
3470
3486
3498
3510
3526
3022
3034
3050
3066
4858
4918
4926
4950
4442
4454
4462
4478
4486
4494
4058
4066
4078
4090
4098
4110
4126
4226
3734
3750
3762
3770
3786
3794
3802
3322
3330
3338
4990
5010
4566
4582
4686
4706
4714
4734
4738
4750
4238
4246
4258
4274
4278
4290
4302
3802
3818
3834
3842
3850
3866
3878
3382
3394
3406
3414
3426
3434
3442
3458
4642
4654
4674
4686
4702
4718
4730
4286
4298
4306
4318
4326
4338
4350
3874
3890
3902
3914
3918
3934
3946
3954
3442
3454
3458
3478
3490
3502
3510
3022
3042
3050
4982
5010
5038
5050
4694
4698
4718
4730
4738
4758
4774
4278
4290
4302
4310
4326
4338
4338
4358
3858
3862
3874
3886
3894
3906
3918
3426
3430
3446
3454
3466
3482
5134
4702
4718
4726
4738
4754
4766
4774
4266
4282
4298
4302
4310
4330
4342
4350
3834
3842
3858
3878
3894
3906
3922
3426
3442
3454
3458
3470
3482
3486
2990
3006
4986
5130
5150
5166
5174
5190
4754
4770
4782
4790
4806
4818
4826
4326
4338
4346
4358
4366
4374
4390
3882
3890
3902
3910
3918
3934
3942
3454
3466
3482
3486
3498
5166
4722
4738
4754
4766
4774
4790
4802
4302
4314
4322
4334
4350
4354
4370
4386
3878
3886
3898
3906
3918
3926
3942
3446
3462
3470
3478
3494
3502
3510
3522
3022
4746
4790
4802
4814
4826
4838
4342
4350
4358
4370
4386
4398
4406
3914
3922
3934
3946
3962
3966
3986
3990
3490
3502
3510
3522
3534
3542
3550
3058
3162
3170
3186
4986
4998
5006
4570
4582
4598
4606
4614
4626
4642
4134
4146
4158
4166
4182
4194
4198
4238
3734
3750
3770
3774
3782
3794
3806
3314
3326
3342
3350
3358
3374
3382
4694
4722
4734
4746
4762
4778
4786
4794
4286
4294
4310
4322
4326
4342
4354
3850
3862
3878
3886
3894
3910
3918
3930
3414
3430
3442
3446
3462
3470
3482
2998
3010
4826
4846
4854
4866
4878
4394
4406
4418
4430
4438
4454
4470
4478
3954
3974
3982
3998
4014
4022
4038
3546
3550
3574
3590
3598
3950
3970
3474
3486
3498
3510
3518
5014
5026
4598
4614
5002
5018
5038
5050
5062
4566
4578
4594
4606
4614
4626
4638
4650
4130
4138
4154
4162
4174
4182
4198
3702
3706
3714
3730
3742
3754
3758
3274
4738
4758
4766
4782
4794
4802
4290
4306
4322
4334
4350
4366
4382
4394
3882
3886
3902
3910
3926
3934
3950
3466
3482
3498
3502
3518
3526
3538
3158
3166
3174
3194
5086
5182
5214
4710
4726
4734
4750
4770
4782
4786
4286
4298
4306
4314
4326
4338
4354
3850
3850
3866
3878
3894
3898
3914
3418
3434
3442
3454
3466
3474
3486
3502
4730
4738
4750
4762
4774
4782
4790
4802
4302
4318
4326
4338
4350
4366
4374
3882
3898
3906
3918
3930
3938
3946
3962
3446
3462
3470
3474
3490
3502
3510
3010
3018
4830
4850
4862
4878
4894
4382
4398
4406
4418
4434
4446
4454
3946
3962
3970
3982
3990
3998
4014
4026
3518
3526
3542
3550
3562
3666
3678
3194
3210
3214
3222
3246
5046
5062
4574
4590
4702
4714
4730
4738
4758
4774
4266
4278
4290
4294
4302
4318
4326
3830
3850
3854
3870
3878
3890
3902
3406
3418
3434
3442
3454
3462
3478
3490
4694
4714
4730
4746
4762
4770
4778
4798
4306
4314
4326
4338
4346
4358
4366
3862
3878
3890
3902
3910
3922
3930
3422
3438
3450
3466
3474
3482
3498
3014
3030
3042
4838
4850
4866
4874
4374
4386
4398
4414
4422
4438
4450
4466
3962
3978
3994
4002
4014
4022
4030
3530
3542
3550
3562
3590
3690
3698
3714
3210
3222
3234
3246
3254
5186
5514
5026
5038
5058
5066
5074
5094
5102
4602
4614
4618
4630
4646
4650
4658
4162
4174
4186
4198
4202
4210
4226
3726
3734
3746
3758
3766
3778
3790
3286
3302
4810
4826
4842
4858
4866
4370
4378
4386
4406
4442
4450
4462
3958
3970
3982
3990
4006
4030
4038
4046
3534
3574
3582
3610
3618
3666
3682
3186
3198
3214
3226
3234
5182
5206
4718
4726
4742
4762
4778
4802
4806
4818
4302
4314
4322
4338
4346
4362
4374
3874
3882
3898
3906
3914
3930
3942
3454
3466
3470
3486
3498
3502
3070
3082
4798
4814
4834
4850
4870
4878
4374
4390
4398
4410
4418
4430
4438
3950
3958
3974
3994
4006
4018
4034
4046
3538
3546
3562
3570
3578
3590
3602
3166
3194
3206
3218
5038
5066
5082
4590
4702
4710
4730
4750
4758
4766
4266
4274
4286
4298
4306
4322
4338
4346
3826
3838
3850
3854
3866
3878
3890
3414
3422
3426
3442
3458
3462
3026
4698
4710
4734
4750
4762
4778
4786
4274
4294
4310
4338
4358
4374
4390
3898
3906
3918
3926
3938
3946
3962
3974
3458
3466
3478
3490
3510
3518
3090
3098
3118
3126
5062
5078
5098
5106
4694
4758
4770
4778
4794
4798
4810
4318
4326
4338
4346
4362
4374
4386
4398
3882
3898
3902
3922
3938
3942
3958
3466
3474
3482
3494
3502
3518
5222
4738
4750
4758
4766
4782
4794
4810
4814
4306
4314
4330
4334
4346
4354
4366
3858
3870
3890
3898
3910
3918
3934
3426
3430
3446
3454
3462
3478
3058
3070
3082
4790
4818
4838
4846
4858
4362
4370
4386
4390
4406
4414
4426
3930
3946
3958
3970
3982
3990
4002
4010
3506
3514
3526
3546
3554
3558
3138
3230
3242
3262
3278
3286
5202
5218
4718
4734
4750
4758
4774
4786
4794
4802
4310
4322
4334
4342
4346
4362
4374
3854
3862
3874
3882
3906
3914
3922
3434
3446
3694
3718
3726
3734
3306
3314
4826
4834
4850
4870
4886
4910
4402
4414
4426
4438
4454
4546
4566
4058
4070
4086
4098
4106
4114
4134
3630
3646
3658
3666
3678
3690
3262
3282
3294
3298
3314
3326
5070
5094
4598
4662
4686
4714
4738
4746
4758
4262
4274
4286
4302
4322
4326
4338
4350
3830
3838
3854
3858
3866
3886
3454
3458
3474
3482
3494
3510
3522
3022
3034
5066
5078
5102
5114
5122
5134
4626
4638
4646
4658
4670
4682
4690
4190
4198
4214
4226
4230
4246
4258
3754
3770
3778
3786
3806
3814
3382
3394
3406
3414
3430
3438
5190
5214
4722
4742
4754
4766
4774
4786
4802
4290
4302
4314
4322
4338
4350
4354
4370
3846
3862
3870
3878
3890
3906
3478
3494
3506
3514
3530
3534
3550
3050
3058
4758
4774
4782
4798
4814
4822
4302
4314
4326
4342
4350
4358
4374
3886
3890
3906
3918
3926
3950
3962
3522
3530
3550
3558
3574
3586
3594
3102
3110
3126
3134
3142
4918
4926
4934
4438
4446
4458
4470
4482
4490
4506
4514
4014
4022
4034
4042
4054
4066
4078
4086
3582
3594
3602
3610
3982
4002
3574
3590
3602
3610
3618
3634
3642
5074
4582
4602
4710
4722
4734
4742
4754
4262
4274
4286
4298
4306
4334
4358
4374
3858
3874
3886
3906
3910
3918
3490
3502
3514
3522
3534
3542
3554
3566
3058
3070
4770
4794
4810
4818
4830
4842
4342
4354
4366
4390
4398
4414
4430
4434
3926
3938
3946
3970
3978
3986
3554
3878
3886
3906
3922
3926
3942
3454
3466
3478
3490
3498
5074
5090
5102
4826
4842
4858
4874
4886
4898
4910
4914
4418
4422
4434
4446
4454
4466
4478
3978
3990
3998
4006
4018
4038
3606
3610
3626
3638
3646
3658
3674
3174
4738
4762
4774
4782
4794
4818
4830
4318
4334
4346
4358
4370
4378
4386
3890
3902
3906
3922
3938
3950
3514
3526
3534
3554
3570
3578
3590
3162
3170
3194
3206
3214
5062
5090
5106
5114
4658
4686
4702
4718
4730
4738
4750
4274
4282
4294
4302
4310
4322
3878
3882
3898
3914
3918
3934
3946
3454
3462
3482
3486
3498
3510
3522
3266
4722
4734
4754
4770
4778
4798
4806
4302
4306
4318
4330
4342
4354
4362
3866
3874
3886
3894
3906
3914
3930
3482
3486
3510
3518
3530
3542
3546
3062
3078
3090
3098
4858
4874
4882
4898
4394
4406
4438
4442
4454
4466
4474
4490
3990
4002
4018
4030
4130
4142
3714
3730
3742
3754
3762
3786
3802
3298
3310
3322
3330
3342
3350
3358
5198
5050
5070
5082
5090
5102
5114
5126
4630
4638
4646
4658
4670
4686
4686
4238
4250
4258
4266
4278
4290
4306
3810
3822
3838
3850
3858
3874
3882
3382
3398
3410
4786
4802
4830
4846
4862
4354
4370
4382
4386
4398
4414
4418
3914
3926
3934
3954
3958
3970
3986
3538
3550
3570
3670
3686
3702
3706
3222
3238
3246
3258
3274
3282
5118
5158
4654
4678
4690
4706
4718
4726
4746
4230
4238
4254
4262
4266
4278
3854
3858
3870
3886
3894
3906
3918
3930
3422
3438
3446
3454
3470
3478
3482
2998
3010
4822
4842
4862
4874
4882
4898
4402
4410
4422
4434
4442
4458
4022
4030
4046
4058
4070
4078
4090
4098
3586
3598
3602
3614
3630
3634
3646
3158
3178
3186
3202
3214
5134
5150
5178
4678
4686
4694
4702
4718
4726
4738
4226
4242
4254
4254
4270
4302
3866
3882
3894
3902
3918
3926
3934
3450
3458
3466
3478
3490
3502
3514
3010
3018
4782
4810
4830
4842
4850
4862
4358
4366
4382
4394
4398
4414
3986
3986
3998
4018
4026
4034
4046
4054
3554
3566
3574
3670
3706
3718
3726
3238
3242
3258
3266
3278
4930
4958
4974
4462
4474
4478
4502
4522
4538
4222
4238
4250
4258
4282
4294
4302
4310
3802
3822
3834
3834
3846
3862
3870
3386
3394
3410
3418
3430
3438
3450
3458
4674
4698
4718
4726
4738
4750
4762
4774
4274
4286
4298
4310
4318
4334
3902
3914
3926
3946
3958
3966
3974
3470
3482
3486
3566
3582
3590
3606
3614
3130
3134
3146
4794
4814
4826
4838
4854
4350
4350
4366
4378
4402
4410
3982
3994
4014
4030
4042
4054
4062
4078
3574
3582
3598
3702
3726
3738
3746
3254
3266
3270
3282
3298
3306
5150
5182
4690
4702
4718
4730
4746
4758
4322
4342
4346
4362
4370
4378
4394
4406
3890
3902
3910
3922
3934
3942
3950
3454
3458
3470
3486
3490
3502
3514
3302
3314
4734
4754
4770
4778
4786
4794
4298
4302
4322
4350
4358
4374
4386
3946
3958
3970
3978
4002
4022
4034
3534
3546
3554
3570
3582
3594
3598
3130
3142
3174
3198
3206
5142
5162
5174
4678
4686
4698
4714
4726
4734
4298
4306
4322
4334
4338
4362
4374
3858
3874
3886
3894
3906
3914
3918
3430
3438
3446
3458
3474
3478
3490
3002
3006
5078
5094
5118
5130
5142
4694
4710
4714
4730
4742
4742
4758
4258
4266
4282
4290
4302
4314
4326
4334
3838
3846
3854
3862
3878
3886
3898
3410
3414
3426
3446
3454
4990
5010
5042
4630
4646
4658
4670
4690
4706
4714
4266
4278
4286
4298
4314
4314
4326
3834
3842
3858
3870
3878
3886
3902
3406
3414
3430
3442
3454
3466
3474
3482
4614
4638
4650
4662
4682
4682
4698
4270
4278
4310
4330
4346
4362
4366
4382
3890
3902
3906
3918
3934
3942
3954
3442
3462
3474
3486
3502
3514
3526
3030
3038
3046
4766
4898
4906
4918
4474
4490
4506
4518
4522
4530
4542
4050
4058
4070
4082
4094
4102
4118
4126
3610
3626
3630
3646
3658
3702
3714
3230
3234
3250
3258
3274
3282
5122
5138
4650
4658
4674
4682
4698
4706
4274
4290
4298
4314
4318
4330
4342
4350
3842
3854
3862
3870
3878
3898
3910
3410
3426
3434
3442
3458
3470
3478
3490
2994
4670
4710
4714
4730
4746
4754
4310
4330
4342
4426
4438
4450
4466
3966
3982
3994
4006
4018
4026
4038
4046
3530
3554
3562
3570
3582
3598
3862
3378
3398
3410
3422
4854
4874
4882
4446
4458
4474
4486
4498
4510
4546
4570
4058
4074
4082
4090
4106
4118
4202
3962
3970
3978
3994
4006
4018
4022
3534
3542
3554
3574
3582
3590
3606
5194
4698
4710
4722
4734
4758
4774
4330
4342
4358
4374
4386
4390
4406
3898
3906
3918
3938
3946
3962
3974
3470
3482
3494
3498
3518
3530
3538
3550
3062
3070
3090
5010
5030
5046
5114
4694
4730
4742
4758
4770
4818
4834
4846
4338
4342
4358
4370
4378
4386
4406
3894
3902
3914
3926
3938
3950
3958
3466
3482
3494
3506
3514
3526
5114
4714
4766
4794
4810
4822
4830
4842
4854
4350
4366
4374
4386
4394
4402
4414
3906
3914
3922
3938
3942
3958
3974
3482
3486
3502
3514
3518
3534
3546
3558
3054
4706
4718
4738
4750
4758
4774
4406
4426
4438
4454
4462
4474
4482
3986
3990
4006
4014
4026
4042
4050
4058
3546
3558
3570
3578
3594
3594
3610
3122
3138
3158
3190
5018
5030
5130
4690
4710
4730
4758
4774
4794
4798
4294
4306
4314
4326
4342
4350
4366
3858
3870
3882
3898
3906
4130
4150
3674
3694
3706
3714
3726
3738
3746
3758
4686
4698
4710
4718
4734
4746
4758
4774
4270
4278
4294
4302
4314
4326
4338
3854
3870
3874
3886
3906
3914
3930
3934
3426
3442
3454
3458
3470
3486
3494
3002
3014
4738
4754
4774
4786
4790
4350
4358
4378
4386
4402
4422
4430
3934
3946
3946
3966
3978
3990
4002
4018
3510
3518
3530
3542
3550
3566
3578
3166
3186
3198
3202
3218
4998
5358
4934
4946
4962
4970
4986
4990
5006
5022
4502
4518
4522
4534
4546
4562
4566
4074
4082
4090
4106
4114
4122
4134
3642
3650
3662
3674
3678
3694
3702
3210
4778
4790
4802
4814
4830
4846
4338
4350
4366
4374
4382
4402
4410
3902
3922
3938
3950
3962
3974
3982
3490
3502
3510
3530
3542
3546
3558
3570
3066
3178
3190
3198
4870
4890
4914
4478
4486
4498
4518
4530
4546
4570
4070
4074
4090
4102
4114
4194
4222
4230
3718
3726
3734
3750
3762
3770
3794
3306
3314
3326
3338
3346
3362
3374
4670
4766
4794
4802
4814
4822
4830
4846
4338
4350
4362
4374
4382
4398
4406
4422
3910
3918
3926
3942
3954
3962
3974
3486
3494
3502
3514
3522
3538
3546
3562
3066
4730
4754
4770
4790
4794
4802
4302
4314
4318
4342
4358
4370
4378
3882
3898
3910
3930
3934
3954
3970
3462
3474
3482
3498
3510
3518
3530
3542
3038
3058
3070
3074
4870
4886
4906
4466
4482
4490
4510
4518
4526
4538
4038
4046
4058
4074
4078
4146
4198
4206
3698
3714
3734
3742
3754
3762
3782
3290
3302
3314
3326
3338
3346
3358
4726
4738
4754
4762
4782
4794
4802
4810
4306
4322
4330
4342
4354
4362
4378
3866
3882
3886
3902
3910
3922
3926
3946
3446
3454
3458
3478
3490
3494
3502
3014
3018
4846
4866
4874
4894
4902
4402
4406
4418
4430
4438
4454
4466
4474
3966
3978
3990
4006
4022
4030
4038
3542
3558
3566
3574
3590
3686
3706
3218
3226
3234
3246
3254
5018
5142
4710
4726
4738
4798
4810
4826
4838
4350
4358
4362
4374
4398
4410
4418
4430
3910
3922
3938
3942
3950
3970
3982
3486
3502
3510
3518
3530
3542
3546
3038
4766
4778
4790
4806
4822
4834
4338
4358
4362
4378
4390
4402
4418
3914
3918
3942
3950
3958
3966
3982
3474
3486
3502
3506
3526
3542
3550
3562
3062
3070
3166
3182
4926
4938
4950
4466
4486
4502
4514
4522
4534
4546
4038
4054
4066
4074
4090
4110
4178
4194
3694
3698
3722
3730
3754
3770
3778
3290
3302
3314
3322
3334
3350
3358
4682
4706
4714
4734
4742
4754
4770
4790
4290
4302
4314
4322
4334
4354
4354
4366
3858
3866
3878
3890
3902
3910
3926
3422
3430
3446
3458
3462
3474
3486
3494
2990
4758
4782
4790
4798
4814
4822
4306
4318
4338
4366
4382
4394
4410
3914
3934
3942
3950
3958
3974
3978
3990
3478
3494
3506
3518
3534
3542
3558
3062
3074
3174
3430
4938
4950
4966
4466
4474
4498
4518
4538
4554
4558
4574
4054
4058
4074
4082
4158
4198
4202
3714
3722
3730
3742
3758
3770
3786
3286
3310
3322
3330
3342
3354
3362
4686
4714
4730
4738
4750
4770
4782
4790
4302
4310
4318
4330
4338
4350
4354
4370
3854
3858
3874
3886
3898
3910
3914
3418
3426
3434
3446
3458
3466
3478
2994
3006
4794
4830
4846
4854
4866
4358
4370
4378
4390
4406
4426
4438
3934
3946
4270
4286
4302
4310
4334
4338
3838
3846
3854
3866
3878
3882
3898
3406
3410
3426
3438
3450
5194
5214
4718
4730
4742
4754
4762
4778
4786
4278
4290
4294
4306
4322
4334
4342
3850
3858
3862
3878
3886
3894
3906
3422
3430
3442
3454
3458
3474
3486
3490
2982
4778
4794
4810
4822
4834
4846
4342
4358
4370
4374
4386
4398
4414
3910
4026
4042
4050
4058
4074
4078
4090
3586
3598
3606
3618
3626
3634
3650
3150
3166
3174
3198
5134
5146
5162
4674
4686
4734
4734
4750
4758
4774
4270
4286
4306
4318
4330
4338
4358
4366
3854
3870
3886
3894
3906
3918
3922
3442
3450
3462
3474
3490
3490
3062
4758
4798
4814
4826
4842
4854
4866
4358
4366
4370
4386
4394
4402
4426
3942
3950
3966
3974
3982
3998
4006
3490
3518
3534
3542
3554
3570
3574
3070
3090
3158
3190
5082
5098
5106
4694
4718
4978
4990
5006
5022
5034
4530
4542
4546
4562
4574
4590
4598
4606
4094
4102
4118
4122
4130
4146
4158
3674
3686
3698
3706
3722
3734
3298
4750
4766
4778
5094
5114
5130
5134
4630
4638
4654
4666
4674
4686
4694
4206
4214
4226
4238
4246
4262
4274
3766
3770
3790
3794
3810
3818
3378
3386
3398
3406
3418
5022
5034
5050
4562
4574
4590
4602
4702
4714
4750
4782
4270
4278
4286
4298
4310
4318
4334
3830
3842
3850
3862
3878
3886
3894
3410
3418
3426
3446
3458
3462
3022
4702
4730
4746
4810
4822
4830
4846
4350
4362
4374
4386
4402
4406
4422
3930
3938
3946
3962
3974
3982
3998
4002
3482
3494
3506
3514
3522
3534
3106
3114
3130
3134
4834
4854
4866
4886
4398
4398
4414
4422
4442
4486
4498
4506
3986
3998
4014
4026
4034
4138
4146
3654
3674
3682
3694
3706
3718
3282
3294
3310
3314
3330
3338
3346
5226
5234
4726
4746
4762
4770
4778
4790
4802
4318
4326
4334
4354
4366
4370
4386
4394
3882
3898
3910
3914
3930
3942
3950
3446
3458
3470
3482
3494
3498
3066
3078
4766
4782
4790
4806
4814
4862
4366
4386
4390
4402
4418
4430
4434
3930
3946
3954
3970
3982
3982
3998
4010
3502
3518
3530
3770
3790
3798
3378
3394
3402
3418
3430
5050
5090
5106
4610
4702
4714
4726
4742
4762
4770
4278
4286
4294
4310
4318
4330
4346
4358
3838
3858
3870
3874
3890
3902
3462
3478
3490
3498
3514
3522
3530
3038
4758
4778
4806
4810
4822
4838
4846
4334
4342
4366
4382
4398
4410
4418
3918
3934
3946
3954
3978
3994
4002
3498
3510
3514
3526
3538
3546
3110
3122
3126
3142
3230
5082
5094
5114
4614
4618
4634
4642
4662
4674
4674
4178
4194
4202
4210
4226
4230
4242
4258
3742
3758
3782
3794
3802
3810
3394
3402
3418
3426
3438
3454
3462
3470
4738
4758
4778
4790
4798
4814
4826
4830
4326
4338
4346
4366
4374
4382
4394
3878
3894
3902
3914
3930
3938
3502
3518
3534
3546
3562
3574
3582
3098
3114
3114
3130
4858
4878
4890
4902
4398
4410
4418
4434
4442
4470
4478
3986
3994
4022
4026
4042
4046
4062
4074
3562
3574
3586
3670
3694
3706
3274
3290
3302
3310
3326
3338
3342
5206
4706
4722
4730
4750
4758
4766
4782
4274
4282
4294
4306
4314
4322
4330
3830
3842
3854
3870
3882
3890
3458
3474
3482
3490
3506
3510
3518
3538
3022
3034
3042
4766
4790
4802
4818
4826
4842
4350
4354
4366
4374
4390
4398
4410
3914
3922
3942
3954
3966
3970
3986
3534
3542
3554
3566
3574
3590
3598
3106
3122
3134
3246
3262
4938
4958
4990
4482
4486
4498
4510
4518
4530
4546
4042
4054
4154
4174
4186
4202
4214
4214
3710
3722
3738
3750
3762
3770
3350
3362
3370
3382
3394
3406
3418
3430
4670
4710
4726
4738
4742
4758
4766
4782
4262
4270
4282
4294
4306
4318
4338
4342
3838
3850
3858
3866
3882
3886
3462
3478
3486
3490
3514
3518
3530
3034
3038
3050
4830
4854
4870
4878
4890
4370
4378
4394
4406
4430
4446
4458
3970
3978
3994
4010
4018
4094
4110
3666
3674
3690
3702
3714
3754
3778
3278
3290
3298
3314
3330
3342
5218
5234
4738
4758
4770
4778
4790
4818
4826
4314
4330
4342
4354
4362
4370
4390
4398
3898
3902
3910
3926
3938
3950
3526
3526
3542
3554
3562
3574
3586
3090
3106
4758
4782
4798
4814
4818
4834
4322
4334
4346
4362
4378
4386
4406
3902
3918
3926
3950
3962
3974
3534
3550
3558
3910
3914
3930
3942
3438
3458
3466
3478
3486
3506
5066
5250
4762
4774
4790
4798
4810
4818
4838
4846
4330
4346
4354
4366
4374
4386
3950
3962
3970
3986
3990
3998
4014
3514
3522
3534
3546
3558
3570
3582
3090
3106
4822
4838
4842
4862
4866
4886
4378
4394
4410
4438
4462
4474
4486
3982
3990
4002
4010
4030
4034
3598
3690
3702
3734
3746
3754
3778
3302
3314
3334
3346
3350
3366
5122
5146
4662
4674
4690
4698
4710
4718
4730
4742
4218
4238
4246
4250
4270
4282
3846
3854
3870
3878
3890
3898
3906
3406
3426
3434
3442
3458
3470
3474
2990
2998
4734
4758
4774
4790
4802
4810
4318
4326
4338
4366
4370
4382
3962
3974
3982
3998
4006
4018
4030
4042
3530
3546
3558
3574
3598
3606
3670
3194
3206
3210
3230
3242
4974
5006
5018
4522
4526
4602
4638
4654
4666
4674
4174
4186
4194
4210
4218
4226
4242
3802
3806
3822
3834
3838
3858
3870
3378
3390
3402
3726
3738
3754
3762
3774
4670
4690
4710
4718
4730
4742
4754
4766
4254
4278
4302
4310
4334
4338
3902
3914
3926
3934
3946
3958
3970
3990
3486
3494
3506
3518
3522
3538
3546
3050
3062
3066
4794
4802
4818
4834
4846
4342
4358
4370
4394
4406
4418
3978
3986
3998
4094
4106
4114
4130
4138
3630
3638
3650
3686
3698
3726
3742
3262
3274
3286
3294
3302
3322
5122
5142
4642
4650
4666
4674
4798
4814
4830
4326
4326
4346
4354
4370
4370
4386
3950
3962
3970
3986
3994
4006
4018
3518
3530
3542
3546
3554
3570
3582
3078
3094
4758
4782
4910
4930
4950
4962
4450
4462
4470
4482
4494
4502
4074
4086
4098
4106
4126
4130
4146
4154
3642
3654
3670
3678
3686
3698
3758
3270
3278
3286
3302
3314
5142
5166
5182
4690
4698
4714
4718
4726
4738
4298
4302
4314
4330
4334
4350
4362
4370
3874
3890
3898
3914
3918
3930
3946
3458
3462
3482
3494
3494
3510
3526
3022
4750
4766
4782
4798
4806
4814
4830
4322
4338
4346
4358
4370
4382
3946
3962
3978
3986
4006
4014
4022
3530
3542
3874
3902
3914
3922
3938
3438
3450
3458
3478
3490
5154
5178
5194
4698
4706
4718
4730
4746
4754
4306
4322
4334
4486
4502
4518
4530
4026
4038
4042
4062
4074
4078
4094
3598
3606
3618
3630
3638
3654
3666
3166
3178
4830
4858
4874
4886
4442
4458
4466
4486
4494
4502
4530
4538
4038
4050
4062
4074
4102
4122
4182
3690
3710
3722
3726
3742
3754
3766
3286
3302
3306
3318
3330
3338
5142
5170
4662
4674
4682
4690
4702
4710
4274
4282
4306
4310
4322
4334
4346
3834
3846
3850
3866
3878
3886
3898
3402
3414
3426
3438
3450
3458
3474
3482
2982
2998
4762
4774
4782
4798
4806
4374
4390
4410
4418
4426
4438
4450
3962
3982
4042
4050
4066
4074
4090
4102
3586
3594
3606
3622
3630
3682
3702
3210
3226
3238
3246
3258
5030
5162
4726
4738
4754
4766
4770
4790
4798
4342
4350
4366
4382
4398
4402
4418
4422
3910
3922
3926
3942
3958
3970
3978
3506
3514
3522
3538
3542
3554
3566
3066
4634
4662
4686
4702
4710
4730
4282
4298
4310
4322
4334
4346
4350
4366
3874
3882
3898
3906
3918
3926
3942
3430
3438
3454
3466
3474
3494
3502
3014
3030
3042
3054
4878
4898
4906
4474
4486
4506
4518
4522
4538
4558
4570
4066
4082
4090
4098
4194
4206
4246
3746
3758
3766
3786
3794
3798
3818
3334
3342
3358
3366
3370
3390
3402
4718
4734
4742
4766
4774
4786
4794
4810
4310
4314
4330
4342
4350
4358
4370
3854
3870
3882
3886
3902
3914
3926
3442
3454
3462
3474
3490
3498
3510
3010
3018
3030
4754
4766
4790
4798
4358
4382
4390
4398
4410
4434
4446
4470
3970
3970
3986
3998
4006
4014
4026
4034
3530
3558
3566
3590
3598
3666
3702
3214
3550
3562
3570
3586
4998
5030
4718
4726
4742
4758
4770
4786
4794
4290
4302
4314
4318
4334
4346
4354
4370
3862
3866
3886
3898
3906
3918
3930
3426
3438
3454
3458
3474
3482
3490
3006
4786
4802
4818
4826
4842
4850
4350
4358
4370
4390
4402
4410
4426
4434
3926
3938
3946
3954
3970
3982
3994
3498
3514
3534
3546
3566
3574
3582
3094
3094
3166
3182
4894
4910
4930
4494
4502
4514
4526
4534
4542
4558
4070
4082
4086
4106
4218
4238
4242
4442
3938
3954
3970
3986
3990
3998
4010
3518
3530
3538
3550
3554
3570
3582
4706
4714
4726
4738
4750
4766
4778
4786
4286
4294
4302
4322
4330
4342
4346
4362
3854
3866
3874
3882
3890
3906
3914
3426
3438
3450
3458
3470
3482
3486
2990
3002
4822
4854
4882
4890
4902
4398
4406
4422
4434
4442
4458
4470
3970
3982
3994
4006
4018
4022
4034
4042
3538
3554
3562
3578
3678
3690
3710
3214
3218
3234
3242
3254
5166
5186
4746
4762
4774
4782
4794
4806
4822
4326
4334
4346
4354
4370
4382
4390
4402
3886
3894
3902
3914
3922
3934
3946
3446
3458
3470
3478
3486
3502
3514
3014
4774
4790
4802
4830
4846
4870
4878
4378
4390
4394
4406
4418
4426
4442
3934
3942
3958
3970
3974
3986
3998
3494
3506
3522
3530
3542
3562
3578
3174
3190
3202
3210
5070
5098
5110
4602
4654
4702
4722
4738
4754
4766
4266
4274
4290
4298
4306
4322
4330
3834
3850
3858
3866
3882
3898
3906
3410
3422
3430
3446
3462
3462
3478
2974
4726
4762
4774
4790
4806
4814
4374
4390
4402
4414
4698
4714
4726
4746
4238
4246
4258
4266
4282
4290
4298
3794
3814
3822
3830
3838
3854
3862
3374
3378
3394
3406
5042
5090
5106
4606
4706
4722
4738
4750
4750
4778
4270
4290
4298
4310
4330
4334
4350
4358
3858
3866
3878
3882
3898
3906
3918
3418
3426
3442
3454
3466
3478
3034
4714
4738
4882
4898
4910
4922
4934
4438
4446
4462
4474
4482
4490
4506
4002
4014
4030
4038
4058
4070
4070
3570
3586
3594
3602
3614
3626
3634
3142
3162
3170
3178
5066
5078
5090
4606
4658
4730
4742
4754
4762
4838
4330
4342
4358
4370
4386
4394
4406
4414
3906
3922
3926
3946
3958
3966
3974
3478
3486
3498
3510
3522
3530
3102
4754
4774
4782
4798
4810
4810
4826
4318
4330
4342
4358
4370
4378
4390
3878
3886
3902
3914
3926
3942
3958
3466
3478
3490
3498
3518
3530
3098
3106
3122
3130
3142
5062
5342
5366
4862
4878
4898
4906
4914
4930
4942
4446
4462
4470
4482
4490
4506
4514
4526
4010
4018
4026
4038
4050
4058
4078
3582
3590
3606
3614
3622
3638
3210
4758
4778
4790
4806
4814
4822
4838
4330
4342
4350
4366
4382
4386
4402
3898
3906
3922
3930
3938
3946
3962
3466
3482
3494
3502
3510
3526
3094
3106
3122
3134
3142
5050
5058
5078
4582
4634
4718
4726
4742
4754
4758
4266
4278
4286
4302
4314
4322
4338
4350
3830
3850
3858
3866
3878
3890
3466
3478
3490
3498
3514
3526
3530
3034
4750
4774
4798
4810
4822
4834
4846
4330
4346
4358
4370
4390
4402
4410
3922
3938
3942
3954
3974
3978
3990
3486
3498
3506
3522
3530
3538
3110
3122
3130
3138
3150
4958
4982
4998
4498
4506
4522
4530
4546
4558
4578
4098
4110
4186
4214
4226
4242
4254
4266
3746
3758
3770
3778
3786
3794
3382
3398
3402
3418
3434
3442
3454
3466
4698
4722
4734
4746
4758
4762
4774
4790
4278
4286
4302
4314
4322
4338
4346
3858
3870
3874
3886
3890
3906
3466
3474
3490
3502
3514
3518
3530
3542
3038
3054
3062
4798
4826
4842
4854
4862
4374
4382
4390
4402
4426
4438
4454
3958
3970
3974
3986
4010
4022
4030
4046
3526
3542
3554
3562
3582
3662
3230
3254
3266
3274
3290
3302
5058
5082
4582
4590
4706
4718
4730
4742
4750
4766
4254
4274
4282
4294
4302
4318
4330
3834
3842
3862
3870
3878
3894
3466
3474
3486
3498
3506
3522
3530
3538
3038
4694
4706
4722
4734
4746
4754
4766
4270
4286
4290
4306
4314
4326
4338
4350
3846
3854
3862
3878
3890
3898
3458
3470
3474
3486
3502
3510
3522
3038
3046
3054
3070
5054
5066
5074
5094
4590
4726
4742
4762
4774
4782
4798
4298
4310
4322
4330
4338
4354
4366
4374
3874
3882
3890
3906
3918
3926
3498
3510
3518
3526
3538
3546
3774
5206
4738
4754
4766
4782
4794
4806
4818
4318
4334
4342
4354
4370
4378
4390
4406
3890
3898
3914
3926
3934
3946
3510
3514
3530
3542
3554
3566
3578
3082
3098
3110
4798
4834
4850
4862
4874
4358
4370
4382
4390
4406
4418
4422
3934
3942
3958
3970
3982
3986
4002
3558
3566
3582
3594
3614
3630
3642
3154
3170
3246
3262
3278
3294
5418
5438
4942
4958
4966
4974
4990
5002
5014
5022
4498
4502
4522
4530
4546
4550
4566
4066
4078
4094
4094
4106
4122
3698
3706
3714
3734
3738
3754
3758
3278
3286
4762
4774
4778
4794
4806
4822
4846
4338
4350
4358
4370
4378
4390
4402
3902
3918
3934
3946
3958
3962
3526
3542
3546
3558
3570
3670
3690
3194
3198
3210
3222
3238
5006
5026
5038
4542
4550
4562
4582
4598
4654
4754
4266
4274
4286
4294
4306
4326
4330
3882
3898
3906
3914
3926
3934
3954
3466
3466
3482
3494
3502
3518
3526
3030
4746
4762
4774
4790
4802
4802
4818
4302
4318
4330
4334
4346
4358
4374
3878
3890
3902
3918
3926
3938
3494
3506
3514
3526
3526
3542
3558
3066
3458
3482
3490
3506
5130
5146
5174
4670
4678
4694
4718
4734
4750
4754
4246
4254
4262
4274
4290
4298
3862
3878
3890
3898
3910
3918
3926
3442
3458
3458
3482
3494
3498
3514
3526
3014
4686
4706
4710
4726
4738
4750
4770
4274
4278
4290
4634
4658
4670
4238
4250
4258
4270
4282
4290
4302
4314
3798
3814
3822
3834
3846
3858
3866
3370
3386
3394
3406
4958
4982
4990
5002
4494
4554
4574
4626
4638
4674
4690
4186
4202
4218
4226
4242
4254
3810
3822
3834
3842
3850
3866
3878
3390
3406
3410
3422
3434
3442
3454
3462
4638
4654
4670
4686
4702
4706
4726
4738
4226
4242
4250
4258
4274
4290
3846
3862
3874
3882
3894
3906
3914
3930
3438
3446
3462
3474
3482
3498
3510
3006
3022
3034
4806
4830
4834
4850
4862
4386
4402
4426
4438
4450
4458
4018
4026
4042
4050
4062
4078
4094
4098
3594
3602
3674
3706
3726
3746
3758
3278
3294
3306
3310
3326
3338
5158
5182
4674
4682
4706
4718
4738
4750
4762
4270
4274
4298
4306
4310
4322
3882
3894
3894
3910
3918
3934
3946
3442
3454
3466
3478
3486
3498
3506
3518
3018
3030
4790
4810
4826
4838
4846
4854
4350
4374
4378
4394
4406
4418
3990
4006
4014
4026
4034
4050
4058
3558
3570
3574
3582
3662
3698
3710
3214
3230
3250
3254
3266
3282
5126
5386
4902
4914
4926
4934
4954
4966
4526
4530
4546
4554
4566
4578
4586
4594
4082
4094
4102
4118
4122
4134
4150
3646
3654
3670
3674
3686
3702
3710
3214
3242
4786
4802
4810
4818
4830
4846
4342
4358
4362
4398
4414
4430
3990
4006
4010
4026
4038
4046
4058
4070
3574
3590
3602
3610
3694
3722
3730
3230
3238
3246
3262
3278
4990
5010
5022
4526
4634
4642
4694
4710
4718
4282
4294
4310
4314
4334
4342
4350
4370
3854
3862
3874
3886
3894
3906
3918
3418
3430
3446
3454
3462
3474
3494
3502
4650
4686
4706
4718
4726
4742
4750
4322
4338
4346
4358
4378
4390
4398
4410
3914
3926
3934
3946
3954
3970
3978
3466
3482
3494
3498
3518
3530
3534
3046
3054
3062
4862
4878
4890
4906
4918
4410
4426
4438
4450
4454
4474
4038
4042
4062
4070
4082
4090
4198
4210
3714
3718
3734
3746
3770
3782
3794
3298
3306
3318
3334
3346
3354
5138
5158
4642
4654
4658
4678
4686
4706
4710
4282
4298
4310
4318
4326
4338
4346
3838
3850
3866
3870
3886
3894
3902
3402
3422
3430
3438
3454
3462
3474
3486
2978
4726
4746
4762
4774
4782
4790
4350
4362
4370
4390
4402
4410
4422
3934
3950
3958
3970
3978
3998
4010
4026
3502
3514
3530
3538
3546
3558
3570
3158
3186
3194
3202
4854
4870
4874
4890
4378
4398
4402
4426
4442
4466
4026
4042
4058
4078
4082
4094
4106
4198
3706
3718
3742
3758
3762
3778
3798
3290
3306
3322
3330
3334
3350
3362
5142
4642
4662
4682
4694
4710
4718
4270
4286
4302
4306
4318
4334
4342
4350
3846
3854
3870
3878
3886
3894
3906
3418
3430
3434
3450
3458
3470
3478
2990
3002
3018
4814
4862
4870
4886
4906
4458
4474
4486
4498
4506
4518
4526
4022
4038
4046
4062
4074
4074
4094
3598
3666
3690
3718
3734
3754
3766
3266
3278
3286
3294
3310
3322
5130
5146
4666
4678
4690
4698
4710
4726
4286
4294
4306
4318
4330
4334
4350
3842
3850
3866
3870
3886
3898
3914
3914
3422
3434
3442
3458
3466
3474
3486
2990
2998
4750
4762
4770
4782
4794
4362
4370
4402
4414
4422
4438
4450
3942
3958
3974
3986
3998
4006
4014
4030
3530
3534
3562
3590
3602
3614
3666
3174
3194
3206
3214
3230
5446
5454
5006
5026
5038
5046
5058
5070
5078
5098
4578
4586
4602
4610
4618
4634
4642
4138
4154
4162
4170
4186
4194
4202
3726
3734
3742
3750
3766
3774
3782
3278
4766
4774
4786
4802
4806
4826
4394
4406
4422
4442
4462
4470
4482
3990
4002
4018
4026
4034
4046
4062
3546
3558
3574
3586
3598
3658
3682
3190
3206
3218
3222
3238
5158
5170
4730
4742
4750
4762
4778
4790
4802
4302
4314
4326
4334
4346
4350
4362
3858
3870
3874
3890
3894
3910
3918
3418
3434
3442
3450
3462
3478
3482
2990
2998
4826
4842
4854
4862
4874
4382
4390
4402
4434
4446
4458
4478
3974
3986
4002
4014
4026
4030
4042
4054
3550
3554
3566
3578
3586
3602
3614
3122
3182
3198
3206
3218
4962
5002
4566
4578
4590
4670
4710
4730
4738
4250
4262
4278
4286
4298
4310
4322
4338
3822
3834
3846
3850
3866
3874
3882
3394
3402
3410
3426
3434
3446
3462
3470
4546
4566
4582
4598
4714
4726
4742
4750
4246
4254
4274
4290
4298
4310
4326
4338
3834
3846
3858
3862
3878
3894
3906
3918
3402
3406
3418
3430
3438
3450
3462
2974
4770
4786
4802
4814
4826
4842
4338
4346
4358
4370
4378
4390
4402
4414
3910
3922
3930
3946
3958
4286
4302
3806
3818
3842
3854
3862
3874
3886
3386
3398
3410
3414
4906
4918
4934
4502
4510
4522
4538
4562
4582
4598
4098
4110
4198
4210
4242
4254
4266
4286
3778
3786
3798
3810
3818
3830
3842
3350
3366
3378
3382
3398
3410
3418
4698
4706
4734
4998
5014
5022
5034
5046
4534
4542
4558
4570
4582
4594
4606
4102
4118
4122
4130
4146
4162
4170
3674
3686
3694
3710
3726
3730
3746
3758
3250
3266
4822
4830
4850
4862
5090
4586
4598
4618
4626
4642
4646
4662
4170
4182
4190
4202
4214
4222
4234
4242
3742
3746
3758
3770
3786
3798
3798
3306
3318
3326
3338
3346
5126
5134
4710
4718
4730
4750
4766
4778
4786
4290
4310
4322
4326
4342
4354
4366
3842
3854
3866
3870
3886
3894
3902
3422
3434
3446
3454
3466
3482
3482
2970
2986
4862
4886
4894
4906
4922
4414
4430
4442
4446
4466
4474
4502
4010
4014
4030
4042
4050
4070
4082
4090
3570
3578
3686
3706
3914
3922
3938
3462
3470
3486
3502
3506
5046
5082
4590
4602
4706
4722
4738
4750
4762
4246
4254
4262
4274
4294
4302
4310
4326
3826
3842
3854
3854
3870
3882
3890
3394
3406
3414
3430
3442
3446
3462
3474
4738
4762
4778
4786
4798
4806
4822
4326
4334
4374
4390
4406
4410
4426
3918
3926
3942
3954
3962
3982
3990
3482
3498
3510
3518
3534
3546
3550
3070
3082
3086
3182
5298
5314
5318
5334
4834
4838
4854
4870
4878
4886
4902
4406
4410
4426
4434
4442
4458
4470
3954
3970
3978
3990
4002
4014
4018
3530
3542
3550
3558
3570
3582
3138
4690
4706
4718
4730
4742
4750
4766
4330
4342
4358
4374
4382
4398
4410
3910
3922
3934
3942
3962
3974
3982
3990
3482
3490
3506
3514
3522
3542
3550
3062
3078
3086
4826
4854
4866
4878
4898
4402
4414
4418
4434
4446
4454
4474
3978
3982
3998
4006
4018
4034
4046
4054
3554
3566
3574
3674
3694
3706
3718
3222
3230
3250
3258
3262
5066
5090
4606
4718
4742
4750
4770
4786
4794
4290
4302
4314
4326
4338
4346
4362
4374
3862
3870
3882
3886
3902
3910
3922
3430
3446
3458
3470
3478
3494
3046
3062
4730
4754
4766
4778
4794
4802
4822
4310
4326
4338
4346
4358
4370
4378
3986
4006
4022
4030
4042
4058
4070
3566
3578
3586
3594
3610
3618
3626
3138
3154
3158
3170
5046
5062
5086
4598
4646
4710
4734
4750
4766
4774
4258
4274
4286
4290
4306
4314
4330
4346
3830
3846
3854
3870
3878
3886
3894
3410
3422
3430
3442
3450
3458
3474
4722
4742
4750
4770
4778
4794
4810
4822
4322
4330
4346
4362
4370
4386
4402
3898
3910
3918
3934
3946
3954
3966
3454
3470
3486
3498
3506
3522
3530
3094
3106
3122
4794
4810
4830
4838
4850
4350
4358
4374
4382
4406
4418
4426
3950
3966
3982
3990
3998
4010
4022
4030
3522
3534
3542
3562
3574
3574
3590
3130
3146
3182
3198
3202
5090
5114
4610
4794
4814
4826
4834
4846
4858
4870
4354
4370
4382
4398
4406
4418
4426
3930
3942
3946
3958
3970
3978
3990
3486
3494
3506
3526
3530
3546
3118
3122
4754
4782
4790
4798
4810
4826
4318
4326
4342
4358
4370
4386
4398
4402
3898
3910
3926
3946
3954
3962
3978
3486
3490
3506
3518
3526
3534
3118
3126
3138
3154
3538
5062
5094
5118
4698
4718
4730
4738
4746
4766
4774
4278
4290
4302
4310
4322
4338
4342
4358
3842
3850
3866
3878
3878
3894
3910
3418
3430
3442
3450
3458
3474
3026
4726
4742
4754
4766
4774
4786
4802
4294
4306
4334
4358
4370
4378
4394
3890
3902
3910
3918
3930
3946
3954
3462
3474
3482
3498
3502
3522
3086
3094
3106
3114
3126
5070
5330
5342
4862
4870
4882
4898
4910
4914
4930
4426
4438
4458
4466
4474
4490
4502
4510
3986
4006
4014
4026
4030
4046
3618
3626
3646
3658
3662
3674
3686
3186
4694
4714
4734
4742
4750
4766
4778
4266
4274
4302
4314
4322
4334
4350
3866
3878
3886
3894
3902
3918
3930
3942
3426
3434
3446
3458
3462
3478
3050
3058
3074
3086
4890
4906
4918
4938
4442
4454
4466
4478
4486
4498
4506
4010
4026
4030
4046
4058
4066
4082
4094
3654
3674
3702
3714
3722
3742
3314
3322
3338
3346
3354
3366
3378
5206
4722
4734
4746
4758
4770
4774
4786
4282
4294
4310
4326
4338
4350
4362
3858
3874
3878
3890
3902
3906
3486
3498
3506
3522
3538
3538
3554
3054
3062
3082
3090
4810
4826
4842
4850
4862
4366
4374
4382
4394
4406
4418
4430
3930
3938
3954
3966
3982
3990
4002
4010
3510
3522
3526
3542
3558
3570
3146
3222
3234
3254
3270
3278
5226
5238
4742
4750
4766
4778
4994
5014
5034
5042
4518
4530
4542
4554
4570
4578
4586
4106
4118
4126
4130
4146
4154
3722
3738
3750
3758
3774
3782
3790
3286
3290
4726
4750
5158
5170
5194
5202
4694
4710
4722
4730
4738
4750
4758
4254
4266
4274
4282
4298
4306
4318
3874
3882
3890
3906
3922
3930
3934
3454
3462
3478
3486
3494
5078
5086
5102
5110
4706
4726
4742
4754
4758
4770
4790
4290
4302
4310
4322
4338
4346
4358
4366
3866
3870
3890
3894
3910
3926
3494
3502
3514
3526
3538
3542
3558
5202
4698
4846
4854
4870
4878
4890
4906
4918
4422
4434
4446
4450
4466
4478
4486
3982
3994
4002
4018
4018
4038
3598
3606
3622
3626
3642
3654
3658
3166
3182
3190
4766
4786
4794
4806
4818
4834
4326
4354
4366
4378
4406
4422
4430
3938
3950
3962
3974
3978
3986
4006
3558
3566
3582
3590
3598
3614
3622
3122
3138
3234
3242
3250
5058
5082
5102
4706
4726
4738
4750
4766
4770
4790
4282
4290
4298
4314
4330
4338
4346
4370
3862
3870
3878
3890
3902
3910
3482
3498
3502
3514
3530
3538
3546
3058
4746
4758
4770
4790
4806
4814
4826
4314
4330
4358
4370
4382
4394
4402
3914
3926
3934
3954
3962
4286
3854
3866
3874
3890
3906
3918
3926
3438
3446
3454
3470
3482
5074
5086
5094
4598
4734
4742
4774
4786
4798
4806
4298
4314
4330
4334
4354
4362
3910
3926
3930
3938
3954
3966
3974
3494
3502
3506
3522
3534
3542
3558
3566
3066
4722
4738
4750
4762
4778
4786
4802
4294
4310
4330
4342
4350
4358
4382
4406
3906
3922
3934
3942
3958
3966
3530
3538
3558
3562
3570
3586
3602
3170
3206
3226
3234
4946
5146
5166
5174
4662
4670
4682
4698
4706
4718
4734
4226
4238
4250
4254
4270
4282
3846
3858
3874
3878
3890
3902
3910
3434
3446
3450
3466
3478
3482
3494
3506
4674
4706
4726
4742
4750
4754
4770
4782
4294
4306
4318
4338
4346
4358
3914
3930
3942
3958
3966
3978
3994
3506
3514
3522
3534
3546
3642
3658
3146
3166
3178
3190
4866
4886
4894
4910
4410
4426
4434
4446
4462
4474
4482
3982
3994
4006
4014
4030
4162
4170
3730
3742
3750
3762
3774
3794
3802
3318
3330
3338
3350
3358
3366
3382
5150
4650
4662
4674
4678
4694
4710
4722
4230
4246
4270
4278
4426
4442
4458
4006
4014
4022
4034
4046
4058
4070
3582
3590
3606
3610
3622
3638
3650
3658
3158
3170
4738
4770
4786
4798
4802
4818
4302
4310
4326
4334
4346
4366
3930
3946
3946
3966
3970
3986
3998
4002
3502
3514
3526
3550
3554
3574
3582
3170
3182
3198
3202
3218
5134
5150
5174
4678
4690
4698
4710
4722
4726
4750
4758
4242
4258
4266
4274
4290
4298
3854
3870
3882
3890
3902
3914
3918
3434
3450
3462
3466
3486
3490
3502
2998
4710
4726
4734
4746
4762
4778
4794
4286
4302
4314
4330
4334
4350
3918
3930
3950
3958
3970
3982
3994
3998
3490
3502
3514
3526
3538
3546
3562
3070
3154
3186
3194
4854
4878
4894
4906
4398
4414
4422
4438
4450
4470
4034
4050
4062
4066
4094
4106
4110
4194
3682
3690
3706
3722
3730
3750
3774
3270
3298
3306
3310
3326
3338
3346
5206
4722
4734
4754
4766
4778
4786
4802
4302
4306
4322
4334
4338
4354
3910
3918
3930
3946
3950
3966
3978
3486
3514
3526
3530
3546
3558
3566
3062
3070
3142
3178
4994
5002
5014
5030
4618
4638
4646
4662
4674
4930
4506
4518
4534
4542
4558
4566
4578
4586
4082
4090
4102
4114
4118
4134
4142
3654
3666
3674
3678
3690
3706
3714
5174
4662
4678
4690
4694
4714
4722
4290
4310
4314
4330
4342
4350
4362
3866
3874
3886
3898
3906
3918
3926
3426
3442
3454
3466
3478
3494
3498
3514
3014
3018
3038
4818
4838
4850
4870
4874
4374
4390
4402
4410
4426
4434
3998
4018
4030
4038
4054
4070
4082
4098
3674
3686
3710
3718
3738
3754
3754
3266
3278
3286
3294
3306
3318
5190
5202
4706
4722
4734
4746
4758
4770
4782
4346
4354
4366
4378
4390
4402
4414
3898
3914
3926
3934
3946
3954
3966
3470
3482
3486
3498
3510
3522
3534
3030
3038
4730
4750
4762
4770
4786
4354
4362
4374
4386
4422
4438
4454
4466
3958
3974
3986
3990
4006
4026
4038
3522
3530
3538
3550
3570
3574
3654
3170
3186
3190
3206
3222
5134
5146
5154
4654
4662
4670
4698
4714
4734
4294
4298
4314
4326
4330
4346
4358
3870
3886
4182
4202
4218
4230
4230
3734
3746
3754
3766
3778
3790
3806
3818
3310
4694
4710
4722
4734
4746
4786
4350
4358
4366
4382
4394
4402
4410
4166
4182
4190
4206
4218
4222
4238
4246
3734
3754
3766
3770
3786
3790
3806
3322
3326
3338
3354
4882
4890
4906
4474
4486
4498
4514
4522
4538
4550
4042
4058
4074
4074
4094
4186
4198
4210
3710
3722
3738
3746
3754
3766
3782
3294
3306
3314
3326
3330
3346
3358
5158
4662
4682
4698
4702
4846
4858
4426
4438
4458
4466
4478
4490
4502
4514
4002
4010
4018
4034
4046
4054
4062
3570
3586
3590
3598
3614
3626
3638
3146
3146
3158
5006
5018
5030
5162
4726
4738
4754
4762
4774
4786
4794
4298
4314
4322
4334
4342
4358
4370
3850
3866
3878
3890
3906
3918
3926
3434
3450
3454
3462
3478
3490
3498
4706
4726
4746
4758
4766
4778
4794
4802
4298
4310
4318
4326
4338
4350
4358
3850
3870
3886
3898
3906
3914
3930
3446
3454
3470
3482
3486
3506
3518
3526
3026
3046
4730
4762
4774
4790
4798
4366
4382
4390
4398
4414
4434
4442
3946
3962
3978
3982
3998
4006
4014
4030
3522
3530
3546
3874
3894
3898
3914
3430
3442
3446
3462
3474
4998
5014
4570
4698
4714
4718
4738
4758
4762
4266
4282
4294
4306
4314
4322
4338
4350
3826
3842
3854
3866
3882
3886
3894
3418
3434
3434
3450
3462
3470
3482
3494
4690
4718
4730
4738
4746
4766
4774
4782
4278
4290
4302
4318
4326
4334
4350
3858
3866
3878
3890
3902
3918
3930
3418
3434
3458
3466
3482
3490
3502
3018
3030
3034
4738
4754
4778
4790
4362
4374
4386
4398
4414
4738
4754
4766
4254
4270
4278
4290
4298
4310
4326
4342
3818
3830
3846
3858
3866
3878
3890
3406
3414
3430
3442
3450
5114
5146
4730
4746
4754
4770
4778
4790
4802
4810
4306
4314
4322
4342
4354
4362
4378
3866
3870
3886
3898
3902
3914
3926
3430
3446
3454
3462
3478
3490
3494
2990
4726
4754
4770
4778
4794
4802
4290
4306
4318
4342
4354
4362
4382
3882
3898
3910
3918
3938
3942
3954
3962
3462
3474
3482
3490
3506
3518
3526
3030
3046
3058
3066
4998
5010
5030
4682
4698
4718
4746
4774
4786
4802
4298
4306
4314
4330
4342
4354
4358
3850
3866
3878
3890
3898
3910
3922
3934
3426
3442
3454
3458
3470
3486
3490
4722
4738
4750
4766
4778
4786
4798
4810
4306
4330
4342
4354
4382
4402
4410
3914
3926
3934
3950
3966
3970
3982
3482
3490
3506
3518
3526
3542
3550
3046
3058
3066
5042
5070
5078
5190
4706
4714
4722
4734
4750
4762
4770
4286
4294
4302
4314
4322
4334
4342
4358
3850
3862
3878
3886
3894
3914
3922
3418
3434
3446
3450
3466
3478
5130
4698
4710
4730
4738
4750
4758
4766
4278
4286
4302
4306
4322
4334
4342
3846
3854
3862
3874
3890
3898
3910
3918
3410
3426
3434
3438
3454
3466
3470
2966
2978
4842
4850
4870
4882
4894
4386
4398
4410
4422
4430
4446
4454
3946
3962
3974
3982
3998
4010
4018
4034
3530
3534
3550
3562
3570
3674
3686
3190
3206
3218
3234
3246
5218
5230
4726
4746
4750
4762
4782
4790
4806
4302
4314
4322
4338
4346
4358
4374
4382
3866
3878
3886
3898
3914
3922
3930
3446
3454
3462
3478
3490
3494
3506
3006
4794
4822
4842
4850
4862
4874
4378
4386
4406
4418
4426
4438
4450
3938
3950
3966
3966
3982
3994
4014
3506
3518
3530
3538
3546
3578
3706
3226
3238
3242
3442
3462
5070
5094
4602
4614
4722
4734
4750
4762
4774
4274
4294
4302
4314
4322
4338
4350
4362
3854
3862
3878
3890
3902
3910
3922
3430
3442
3450
3466
3474
3486
3498
3054
4690
4718
4730
4742
4754
4766
4782
4274
4282
4298
4310
4318
4334
4342
3842
3850
3862
3870
3886
3894
3910
3410
3418
3434
3442
3458
3470
3482
3498
3002
3014
3030
4862
4878
4890
4918
4406
4418
4434
4446
4454
4470
4486
3998
4014
4026
4310
4326
4338
4350
4362
3858
3870
3878
3894
3906
3910
3926
3426
3430
3450
3462
3466
3482
5066
4590
4698
4718
4742
4754
4766
4778
4794
4290
4302
4310
4326
4334
4338
4350
4366
3842
3854
3866
3874
3886
3902
3914
3422
3438
3450
3458
3470
3482
3046
3062
4770
4790
4806
4814
4830
4838
4338
4346
4358
4374
4382
4394
4406
4414
3926
3942
3950
3966
3978
3986
4006
3498
3514
3534
3546
3562
3578
3586
3082
3094
3166
3174
5198
5210
5218
4726
4738
4758
4778
4790
4806
4818
4310
4318
4326
4346
4358
4362
4374
3862
3870
3886
3894
3902
3914
3930
3442
3454
3466
3714
3730
3746
3762
3326
4682
4698
4726
4734
4746
4758
4762
4270
4278
4286
4306
4318
4322
4338
3862
3870
3882
3898
3906
3914
3930
3934
3426
3442
3450
3458
3474
3486
3050
3066
3078
3086
5030
5078
5098
5106
4614
4974
4998
5006
5018
5034
5046
5050
4550
4558
4566
4582
4582
4598
4606
4102
4114
4122
4130
4142
4154
4166
3670
3682
3694
3702
3714
3730
5210
4722
4738
4750
5046
5066
5082
5094
4582
4590
4602
4614
4618
4638
4658
4666
4178
4186
4198
4206
4218
4234
4250
3730
3742
3754
3766
3774
3790
3366
3370
3382
4862
4878
4894
4906
4918
4414
4426
4438
4450
4458
4462
4478
3974
3986
3986
4010
4022
4038
4046
3558
3574
3586
3690
3702
3714
3290
3302
3318
3326
3334
3350
3362
5234
4722
4738
4746
4766
4778
4790
4802
4310
4334
4346
4358
4374
4386
4398
4410
3898
3902
3914
3930
3938
3946
3958
3462
3470
3486
3498
3510
3522
3086
3426
3442
4786
4814
4898
4906
4922
4410
4426
4434
4446
4458
4462
4478
3970
3982
3990
3998
4014
4026
4034
4046
3546
3554
3570
3582
3586
3602
3186
3230
3258
3270
3278
3294
5086
5106
4682
4714
4730
4742
4758
4766
4782
4794
4290
4298
4306
4322
4330
4338
4354
3846
3854
3870
3882
3890
3902
3462
3474
3490
3498
3506
3518
3534
3042
3054
4754
4774
4782
4798
4810
4822
4306
4322
4334
4346
4354
4362
4378
3878
4210
4226
4238
4246
4262
4274
4282
3778
3790
3798
3814
3826
3834
3406
3418
3422
3438
3454
5066
5082
5090
4662
4678
4710
4730
4746
4754
4774
4262
4270
4286
4298
4310
4322
4334
4342
3838
3850
3854
3870
3878
3890
3474
3482
3490
3502
3514
3522
3538
3042
4738
4758
4766
4794
4806
4818
4830
4318
4326
4346
4358
4366
4382
4394
3898
3914
3926
3930
3946
3958
3510
3526
3538
3546
3562
3570
3578
3090
3102
3110
3126
3134
5066
5086
5110
4698
4710
4726
4738
4750
4758
4774
4274
4290
4298
4310
4318
4326
4342
4350
3842
3850
3862
3870
3882
3890
3462
3470
3490
3502
3514
3526
3534
3042
4742
4758
4774
4790
4794
4810
4822
4326
4342
4354
4362
4370
4386
4394
3894
3918
3934
3938
3950
3966
3522
3530
3542
3554
3566
3578
3590
3670
3182
3190
3198
3214
4930
4958
4966
4474
4482
4498
4502
4522
4530
4550
4562
4050
4058
4078
4082
4106
4194
3762
3770
3782
3794
3806
3826
3842
3362
3366
3382
3390
3406
3418
3426
3438
4702
4738
4754
4758
4778
4782
4802
4810
4306
4318
4330
4342
4354
4362
4374
4390
3878
3886
3902
3914
3918
3930
3494
3502
3518
3522
3530
3546
3562
3066
3074
3086
4754
4766
4774
4794
4810
4310
4322
4342
4346
4378
4394
4406
4422
3910
3930
3942
3942
3958
3974
3538
3554
3570
3582
3598
3686
3694
3714
3222
3226
3242
3258
3266
5078
5094
5098
4702
4718
4738
4774
4790
4802
4814
4310
4326
4338
4342
4358
4370
3922
3934
3954
3958
3974
3986
3994
3498
3506
3510
3526
3534
3542
3558
3058
3066
4750
4778
4786
4794
4810
4814
4310
4318
4326
4358
4374
4382
4402
4414
3902
3918
3926
3942
3954
3966
3530
3550
3554
3566
3578
3658
3678
3198
3486
3506
3514
3530
5138
5166
5178
5194
4686
4698
4710
4722
4730
4746
4754
4250
4270
4282
4286
4306
4314
3878
3890
3902
3910
3922
3934
3946
3442
3466
3474
3482
3494
3510
3514
3534
4690
4714
4726
4738
4754
4762
4770
4782
4278
4290
4302
4314
4322
4334
4342
3902
3914
3918
3930
3950
3958
3970
3470
3478
3494
3506
3554
3574
3590
3098
3110
3126
4862
4882
4886
4902
4914
4406
4418
4434
4442
4450
4462
4474
3966
3986
4006
4018
4026
4354
3918
3926
3942
3946
3966
3974
3986
3506
3514
3526
3538
3546
3558
3566
5154
5162
4658
4678
4682
4698
4698
4714
4722
4218
4226
4238
4254
4266
4278
3838
3850
3862
3874
3882
3894
3902
3442
3450
3462
3474
3482
3498
3510
3518
3014
3030
4794
4830
4846
4858
4866
4882
4382
4394
4406
4418
4438
4450
4002
4014
4030
4038
4050
4054
4070
3578
3582
3686
3706
3718
3738
3750
3242
3258
3270
3274
3290
3298
5138
5158
4658
4674
4686
4698
4706
4714
4722
4738
4230
4242
4250
4262
4270
4286
3838
3850
3858
3874
3878
3886
3902
3414
3422
3438
3450
3458
3474
3482
3490
2990
4686
4690
4722
4734
4742
4754
4758
4254
4266
4282
4290
4298
4310
3870
3878
3894
3906
3910
3926
3938
3946
3442
3454
3462
3474
3486
3498
3506
3522
3022
3034
3050
4818
4834
4850
4862
4882
4370
4378
4390
4406
4410
4430
3990
4066
4090
4106
4114
4130
4138
4146
3650
3654
3974
3986
3998
4014
4022
3538
3554
3570
3570
3586
3598
5130
5146
4658
4670
4682
4686
4702
4714
4722
4742
4226
4246
4262
4266
4282
4294
3854
3870
4154
4174
4190
4198
4210
3714
3722
3734
3750
3762
3774
3778
3794
3298
4698
4718
4730
4750
4758
4770
4778
4270
4282
4298
4306
4326
4326
3910
3914
3934
3946
3966
3982
3994
4006
3502
3510
3530
3534
3554
3558
3574
3086
3102
3114
3174
4818
4826
4842
4854
4866
4374
4382
4402
4414
4426
4782
4346
4366
4374
4382
4394
4406
4422
4430
3914
3926
3930
3950
3962
3970
3978
3494
3502
3514
3526
3538
3542
5150
5170
4666
4678
4690
4702
4706
4722
4734
4230
4250
4262
4274
4366
4382
3942
3950
3966
3974
3990
3994
4006
3510
3518
3534
3546
3554
3570
3578
3586
3086
3102
4718
4738
4754
4766
4778
4790
4290
4302
4310
4330
4342
4358
3914
3926
3938
3950
3962
3974
3982
3994
3490
3502
3522
3534
3546
3558
3570
3070
3174
3186
3198
3214
5150
5158
5178
4658
4670
4686
4698
4706
4714
4730
4282
4290
4302
4314
4322
4330
4346
3842
3858
3874
3878
3894
3902
3910
3430
3442
3454
3466
3478
3494
3502
3514
5158
4658
4682
4698
4706
4718
4726
4746
4250
4254
4270
4302
4310
4322
3886
3890
3914
3922
3930
3946
3958
3962
3450
3462
3470
3486
3494
3506
3518
3030
3030
3046
4742
4758
4782
4794
4798
4814
4298
4302
4318
4350
4350
4366
3946
3954
3974
3986
3990
4010
4018
4026
3518
3530
3542
3558
3570
3582
3598
3162
3182
3202
3214
3226
5122
5158
5166
4670
4686
4698
4714
4718
4742
4306
4314
4330
4334
4342
4358
4370
4382
3866
3878
3890
3906
3922
3926
4234
3754
3762
3774
3786
3794
3806
3814
3330
4734
4754
4770
4782
4790
4798
4818
4306
4318
4334
4346
4362
4374
3938
3946
3962
3974
3982
3994
4006
4014
3518
3538
3550
3570
3582
3594
3638
3138
3186
3190
3210
4954
4974
4986
5002
4494
4510
4518
4598
4622
4654
4222
4234
4242
4262
4270
4282
4294
3786
3802
3814
3822
3826
3838
3850
3358
3366
3382
3398
3410
3410
3426
3438
4666
4878
4890
4902
4914
4930
4942
4490
4506
4518
4530
4542
4554
4562
4070
4086
4094
4110
4118
4126
4142
3638
3646
3654
3666
3678
3682
3698
3206
3214
3226
3238
4994
5022
5042
5138
5158
4654
4658
4674
4686
4694
4706
4270
4282
4298
4310
4314
4330
4338
3834
3846
3858
3866
3882
3894
3898
3414
3426
3438
3446
3454
3470
3474
5142
4642
4662
4666
4690
4698
4702
4274
4290
4314
4334
4350
4358
4370
3870
3886
3898
3906
3918
3930
3938
3950
3466
3482
3494
3506
3518
3526
3538
3042
3050
3070
4814
4826
4842
4858
4426
4446
4474
4498
4514
4526
4538
4034
4042
4054
4062
4070
4086
4102
4110
3662
3686
3714
3722
3738
3750
3758
3274
3290
3298
3314
3326
3334
5150
5174
4674
4682
4694
4702
4722
4738
4294
4310
4322
4326
4338
4350
4358
4374
3870
3874
3890
3902
3906
3922
3934
3430
3446
3458
3462
3478
3490
3502
3514
3018
4678
4706
4722
4730
4746
4758
4322
4338
4346
4362
4378
4394
4398
3902
3914
3926
3930
3946
3958
3966
3982
3470
3478
3494
3510
3514
3530
3538
3050
3066
3078
3158
4854
4874
4882
4446
4462
4470
4478
4498
4514
4534
4038
4046
4058
4070
4082
4094
4110
4210
3714
3726
3742
3750
3766
3774
3786
3282
3298
3310
3318
3330
3338
3346
5178
4686
4702
4710
4726
4734
4750
4314
4330
4342
4354
4362
4378
4386
3886
3894
3910
3922
3938
3950
3962
3470
3482
3494
3502
3518
3546
3558
3054
3070
3082
3090
5022
5034
5046
4658
4662
4726
4738
4758
4782
4826
4334
4346
4362
4378
4382
4398
4406
4414
3914
3926
3934
3946
3958
3962
3978
3474
3482
3494
3506
3514
3534
3546
4686
4722
4734
4746
4758
4766
4774
4790
4290
4302
4310
4326
4330
4350
4662
4150
4166
4174
4186
4198
4206
4226
3730
3738
3754
3766
3774
3786
3798
3294
3314
3326
5010
5026
5042
5158
4702
4718
4730
4738
4750
4762
4770
4302
4318
4322
4338
4350
4358
4370
4378
3862
3878
3890
3894
3910
3922
3930
3442
3454
3466
3478
3486
3494
5134
4702
4714
4730
4750
4758
4774
4782
4794
4286
4306
4318
4322
4410
4426
4438
3938
3954
3958
3974
3986
3994
4006
3502
3514
3530
3542
3546
3558
3570
3070
3086
4998
5014
5030
5038
5050
4554
4562
4582
4594
4602
4614
4626
4122
4138
4142
4150
4170
4182
4190
4206
3702
3710
3722
3730
3738
3754
3762
3270
3286
3294
3306
3322
5146
5174
4726
4730
4746
4758
4774
4786
4798
4302
4314
4326
4334
4350
4362
4370
4386
3866
3874
3890
3898
3906
3922
3930
3426
3446
3458
3466
3502
3518
3526
3034
4730
4750
4770
4782
4790
4802
4286
4302
4314
4338
4346
4358
4370
3870
3874
3890
3902
3918
3938
3946
3958
3446
3458
3466
3474
3486
3502
3514
3030
3038
3046
3058
5214
5238
5246
4954
4978
4990
4998
5014
5034
5038
4530
4538
4546
4562
4570
4582
4590
4094
4102
4118
4126
4138
4154
4166
3666
3678
3686
3698
3710
3714
3730
3230
4746
4770
4782
4790
4802
4810
4318
4338
4358
4370
4382
4394
4398
4434
3926
3934
3958
3962
3974
3990
3998
3490
3498
3514
3522
3534
3538
3550
3066
3074
3154
3174
5034
5070
5090
4678
4686
4698
4722
4730
4750
4754
4270
4282
4298
4310
4310
4326
4334
4346
3842
3850
3870
3878
3890
3902
3910
3410
3418
3434
3442
3450
3466
3034
4710
4726
4750
4766
4778
4786
4798
4298
4310
4322
4354
4366
4370
4386
4398
3894
3906
3918
3930
3942
3954
3962
3454
3474
3486
3494
3510
3522
3586
3106
3118
3126
5062
5078
5086
5098
4698
4726
4742
4754
4778
4790
4802
4298
4310
4322
4330
4346
4354
4366
4370
3870
3878
3890
3902
3914
3918
3934
3442
3450
3466
3474
3482
3498
5230
4742
4754
4762
4774
4786
4798
4810
4822
4306
4322
4334
4342
4358
4370
4378
3882
3894
3894
3910
3922
3930
3942
3446
3682
3698
3710
3714
3730
3290
3298
3314
4774
4806
4826
4834
4850
4346
4358
4362
4378
4390
4406
4414
4434
3942
3950
3966
3974
3982
3994
4006
3498
3514
3538
3550
3566
3574
3578
3086
3174
3182
3198
3210
5034
5054
4566
4590
4706
4714
4738
4750
4762
4774
4254
4266
4282
4294
4306
4314
4322
4334
3834
3842
3850
3870
3878
3886
3894
3414
3426
3434
3446
3458
3462
3026
4974
4990
5002
5014
5022
5038
5046
4538
4554
4570
4578
4590
4598
4614
4118
4126
4142
4154
4154
4170
4182
3666
3686
3698
3702
3718
3726
3298
3306
3322
3330
3338
5050
5066
5090
4594
4602
4702
4726
4746
4750
4766
4270
4286
4302
4314
4326
4334
4346
4358
3854
3862
3866
3882
3890
3910
3918
3426
3438
3454
3458
3474
3482
3034
4706
4714
4734
4754
4766
4774
4790
4278
4290
4298
4310
4334
4338
4350
3862
3874
3882
3898
3906
3918
3930
3942
3442
3454
3470
3478
3486
3502
3078
3082
3098
3110
4858
4878
4882
4898
4398
4414
4414
4438
4446
4474
4490
4506
3990
3998
4018
4026
4034
4050
4062
3562
3574
3578
3698
3714
3730
3310
3318
3330
3346
3354
3362
3378
5206
5222
4710
4722
4734
4742
4758
4762
4778
4286
4298
4314
4318
4334
4342
4354
4370
3862
3866
3882
3890
3898
3914
3926
3414
3426
3442
3454
3462
3470
3042
3050
4750
4766
4782
4794
4806
4810
4302
4354
4366
4382
4402
4410
4422
3914
3922
3938
3946
3950
3966
3978
3982
3494
3506
3518
3526
3538
3550
3126
3142
3154
3162
3174
5054
5086
5094
4598
4698
4722
4734
4746
4754
4770
4282
4290
4298
4306
4314
4334
4346
4354
3842
3850
3858
3870
3882
3890
3466
3474
3482
3498
3510
3518
3530
3042
4690
4706
4718
4730
4746
4758
4770
4258
4270
4302
4314
4326
4334
4350
4362
3862
3874
3886
3890
3906
3918
3934
3430
3438
3446
3462
3474
3478
3046
3066
3078
3090
4878
4894
4910
4926
4406
4422
4434
4458
4466
4478
4498
3998
4014
4022
4030
4038
4054
4062
4074
3554
3574
3666
3686
3698
3714
3298
3322
3338
3342
3358
3366
3374
5210
4710
4726
4738
4750
4762
4782
4794
4286
4294
4302
4314
4322
4338
4678
4174
4186
4202
4214
4222
4242
3814
3822
3838
3846
3854
3870
3874
3882
3382
3394
3406
4814
4834
4842
4866
4874
4378
4386
4394
4410
4430
4442
4454
4470
3974
3986
3994
4002
4018
4034
4046
3526
3542
3554
3562
3574
3662
3246
3266
3282
3282
3298
3310
5194
5214
4718
4726
4742
4750
4762
4778
4786
4274
4274
4290
4298
4318
4326
4334
3846
3862
3874
3882
3894
3906
3478
3490
3506
3514
3522
3538
3546
3554
3050
3062
4806
5006
5022
5038
5058
5066
4562
4578
4590
4598
4614
4626
4630
4126
4134
4146
4162
4170
4174
3738
3746
3754
3766
3778
3786
3802
3306
3310
3326
3342
3346
3358
5074
5090
4586
4594
4606
4710
4742
4754
4762
4274
4290
4298
4322
4330
4338
4350
4362
3850
3862
3874
3878
3898
3902
3474
3490
3502
3514
3522
3534
3550
3554
3054
4690
4702
4714
4742
4758
4770
4782
4286
4298
4306
4314
4326
4338
4346
4354
3846
3854
3870
3878
3886
3902
3470
3474
3494
3502
3514
3530
3542
3046
3058
3078
3162
5070
5078
5098
5114
4590
4686
4698
4710
4990
5010
5022
4534
4542
4550
4566
4574
4586
4146
4146
4162
4170
4186
4202
4214
3706
3722
3734
3742
3758
3770
3774
3790
4694
4706
4722
4738
4746
4758
4770
4790
4282
4302
4306
4322
4334
4350
4358
3846
3858
3870
3874
3898
3902
3462
3470
3494
3498
3514
3522
3534
3046
3054
3070
3162
5130
5142
5170
5182
4678
4686
4694
4702
4734
4742
4758
4266
4270
4278
4294
4302
4318
4330
3882
3898
3906
3914
3930
3942
3950
3462
3470
3478
3494
3502
3510
3526
5190
4730
4802
4814
4826
4842
4854
4862
4874
4366
4378
4382
4398
4402
4418
3986
3994
4002
4014
4026
4034
4050
3538
3550
3562
3574
3578
3594
3606
3118
3134
3146
4818
4818
4846
4858
4866
4358
4374
4386
4402
4430
4442
4458
4462
3966
3974
3990
3994
4010
4026
3586
3614
3678
3718
3730
3742
3754
3266
3278
3286
3302
3314
3318
5122
5142
4654
4662
4674
4686
4698
4718
4726
4734
4206
4222
4230
4242
4250
4266
3838
3858
3862
3882
3886
3902
4214
3714
3738
3754
3762
3778
3786
3798
3298
3310
4762
4782
4798
4810
4826
4838
4338
4350
4370
4374
4390
4402
3962
3974
3990
4006
4022
4034
4042
4058
3542
3558
3562
3590
3598
3674
3698
3202
3202
3222
3234
3242
5106
5146
5158
4666
4674
4694
4698
4714
4722
4734
4230
4238
4246
4258
4270
4278
4294
3850
3858
3874
3886
3890
3906
3922
3430
3442
3454
3462
3478
3486
3494
3510
4682
4974
4994
5010
5026
5034
5050
5062
4554
4570
4582
4594
4598
4614
4178
4186
4198
4214
4226
4230
4242
4254
3742
3750
3758
3770
3782
3794
3806
3310
3314
3334
4806
4822
4834
4842
4854
4354
4366
4398
4406
4414
4426
3994
4006
4014
4134
4158
4162
4178
4186
3686
3698
3706
3714
3730
3742
3754
3258
3270
3290
3294
3306
3318
5126
5150
4666
4678
4690
4694
4710
4722
4726
4738
4222
4230
4242
4258
4270
4282
3834
3846
3854
3866
3878
3890
3902
3414
3422
3430
3442
3458
3466
3478
3486
2990
4782
4806
4826
4842
4854
4862
4874
4362
4374
4382
4398
4414
4426
3998
4006
4014
4034
4042
4050
4066
4078
3566
3682
3702
3718
3734
3742
3758
3266
3274
3282
3290
4854
4870
4886
4902
4406
4422
4438
4454
4466
4474
4050
4066
4074
4090
4102
4114
4126
4210
3710
3722
3730
3746
3758
3766
3782
3274
3282
3302
3310
3318
3334
3346
5126
5138
4642
4650
4674
4686
4698
4706
4722
4206
4222
4234
4242
4258
4266
3822
3834
3846
3850
3862
3878
3890
3402
3410
3418
3434
3442
3450
3466
3474
2962
2974
4734
4762
4774
4786
4790
4806
4302
4322
4334
4350
4382
4394
3962
3974
3982
3998
4006
4018
4030
4042
3530
3542
3554
3562
3578
3590
3598
3178
3190
3198
3214
3226
5126
5162
5190
4690
4694
4706
4718
4726
4746
4302
4310
4326
4338
4342
4358
4366
4374
3862
3874
3882
3902
3906
3918
3934
3446
3446
3462
3474
3482
3494
3506
2998
4690
4706
4726
4738
4750
4758
4774
4262
4278
4298
4322
4338
4350
3918
3930
3942
3950
3962
3974
3986
3994
3490
3514
3530
3538
3546
3562
3574
3078
3090
3154
3170
4986
5002
5026
5042
4530
4638
4650
4658
4674
4690
4262
4274
4282
4290
4306
4322
4334
3822
3834
3846
3858
3866
3878
3886
3394
3398
3414
3426
3434
3446
3458
3466
4638
4650
4662
4678
4690
4694
4710
4282
4294
4310
4330
4342
4354
4362
4374
3866
3874
3890
3910
3914
3922
3938
3434
3446
3458
3466
3474
3490
3506
3010
3022
3038
4750
4774
4794
4806
4818
4822
4318
4330
4342
4406
4418
4434
3998
4010
4022
4038
4046
4058
4070
4078
3574
3586
3598
3614
3622
3662
3690
3186
3198
3210
3222
3234
4994
5010
5022
4526
4654
4670
4686
4694
4706
4714
4278
4290
4302
4310
4326
4338
4346
3842
3854
3866
3878
3898
3902
3910
3422
3430
3666
3686
3702
3714
3726
3738
4694
4702
4714
4726
4734
4758
4774
4338
4350
4362
4366
4382
4394
4402
3914
3930
3938
3954
3966
3974
3986
3482
3490
3506
3514
3518
3538
3550
3070
3090
3178
3190
4842
4862
4874
4890
4386
4394
4410
4422
4426
4458
4022
4026
4050
4066
4074
4098
4114
4190
3694
3706
3714
3726
3742
3758
3762
3282
3294
3302
3318
3330
3342
3354
5346
5366
4854
4874
4890
4898
4906
4914
4482
4494
4498
4514
4526
4530
4546
4558
4042
4058
4074
4082
4098
4106
4114
3626
3638
3646
3654
3670
3682
3682
3698
3186
4710
4726
4738
4746
4754
4770
4330
4346
4358
4362
4386
4410
4422
3918
3926
3942
3954
3962
3974
3986
3994
3490
3502
3514
3530
3538
3558
3570
3082
3178
3186
3202
5118
5130
5146
5158
4658
4682
4702
4710
4722
4738
4310
4322
4330
4342
4354
4362
4378
3874
3882
3894
3910
3918
3926
3946
3458
3462
3478
3490
3498
3506
3518
3018
4686
4694
4706
4726
4738
4742
4298
4318
4330
4358
4382
4390
4398
3910
3926
3938
3950
3954
3974
3986
3994
3478
3494
3498
3506
3522
3530
3914
3446
3462
3466
3482
4846
4886
4902
4478
4490
4502
4506
4518
4534
4538
4038
4050
4058
4066
4086
4098
4150
4214
3714
3730
3738
3758
3762
3778
3790
3298
3306
3322
3330
3342
3358
3362
5142
4646
4658
4670
4682
5066
5098
4662
4670
4686
4694
4706
4722
4726
4746
4238
4242
4254
4266
4270
4286
4294
3790
3806
3818
3826
3838
3850
3854
3362
3378
3378
4978
4998
5010
5178
4758
4766
4774
4790
4802
4814
4830
4322
4330
4346
4358
4366
4378
4390
4398
3894
3902
3906
3922
3934
3938
3954
3462
3470
3490
3498
3506
3522
5142
4706
4718
4742
4750
4762
4774
4786
4286
4302
4310
4318
4334
4346
4350
4366
3858
3866
3874
3886
3894
3910
3918
3414
3430
3438
3450
3466
3478
3482
2982
2994
4734
4770
4778
4870
4882
4450
4450
4470
4478
4490
4502
4510
4018
4038
4050
4058
4074
4082
4090
4106
3586
3594
3614
3626
3634
3666
3710
3218
3246
3258
3270
3282
4934
4942
4502
4518
4518
4538
4554
4570
4586
4594
4182
4194
4234
4238
4254
4262
4282
3770
3782
3790
3802
3814
3826
3838
3358
3362
3374
3390
3394
3406
3414
3434
4702
4718
4722
4738
4758
4774
4782
4810
4298
4310
4318
4330
4342
4354
4358
3870
3882
3894
3910
3918
3926
3942
3442
3454
3458
3474
3482
3494
3510
3522
3018
3030
4994
5326
5338
5358
5370
4914
4918
4938
4946
4958
4966
4978
4486
4494
4510
4518
4534
4542
4550
4046
4058
4066
4078
4090
4098
4110
3626
3630
3646
3654
3666
3682
5150
4730
4750
4762
4766
4786
4798
4806
4310
4318
4326
4338
4354
4366
4374
3882
3894
3906
3914
3930
3938
3946
3958
3442
3450
3462
3474
3482
3494
3506
3018
3034
4794
4830
4838
4850
4870
4370
4382
4398
4410
4434
4458
4466
4482
3970
3974
3990
4002
4014
4030
4038
3538
3554
3566
3594
3606
3618
3682
3194
3210
3226
3238
3250
5114
5138
4694
4718
4722
4730
4746
4758
4770
4274
4290
4298
4310
4326
4334
4342
4358
3838
3846
3862
3874
3878
3894
3902
3410
3422
3434
3450
3458
3470
3478
3494
4694
4710
4722
4738
4746
4762
4770
4778
4274
4282
4290
4302
4310
4326
4334
3842
3854
3858
3870
3882
3890
3902
3402
3414
3430
3442
3454
3470
3482
3482
2990
3002
4810
4842
4862
4874
4890
4386
4402
4418
4426
4438
4450
4454
3966
3982
3990
4002
4018
4022
4038
4046
3534
3550
3558
3566
3678
3690
3694
3206
3218
3226
3246
3258
5038
5142
4718
4730
4742
4754
4758
4774
4782
4282
4294
4302
4314
4322
4338
4354
4366
3862
3870
3882
3890
3898
3910
3918
3434
3442
3454
3466
3474
3486
3494
2994
4818
4830
4842
4854
4862
4894
4370
4398
4414
4418
4430
4442
4454
4058
4070
4082
4098
4110
4126
4134
3630
3642
3654
3666
3674
3686
3694
3214
3226
3234
3246
3258
5094
5202
4714
4726
4738
4750
4758
4774
4790
4802
4290
4302
4318
4322
4334
4350
4358
3850
3862
3866
3878
3894
3906
3914
3434
3446
3458
3474
3482
3490
3506
3002
4686
4714
4730
4746
4754
4770
4278
4290
4302
4310
4318
4334
4342
4358
3850
3858
3874
3886
3890
3906
3914
3922
3422
3434
3438
3458
3470
3478
3490
3006
3014
3030
4878
4902
4918
4926
4414
4422
4430
4458
4470
4490
4498
4510
4022
4030
4042
4054
4070
4078
4098
3602
3674
3698
3730
3742
3754
3766
3266
3278
3290
3294
3310
3322
5194
4706
4722
4730
4742
4750
4762
4778
4274
4282
4298
4310
4314
4330
4342
3830
3842
3854
3858
3878
3890
3894
3406
3418
3426
3442
3450
3458
3474
3486
2978
2994
4830
4850
4858
4882
4894
4390
4402
4414
4422
4434
4458
4474
3962
3978
3990
3998
4018
4030
4034
4054
3542
3554
3890
3914
3926
3934
3954
3454
3462
3474
3482
3502
5062
5086
4686
4726
4738
4742
4758
4766
4782
4794
4282
4294
4306
4314
4326
4338
4346
4362
3854
3862
3874
3886
3890
3910
3926
3426
3442
3454
3462
3474
3482
3046
4694
4706
4714
4730
4738
4754
4770
4262
4278
4286
4294
4306
4314
4330
3842
3854
3862
3874
3890
3902
3906
3922
3414
3426
3430
3446
3454
3462
3474
3490
2986
2994
4838
4850
4866
4882
4886
4382
4398
4734
4758
4834
4854
4870
4362
4374
4378
4394
4406
4414
4430
4438
3934
3950
3950
3966
3974
3986
3994
3514
3522
3542
3550
3558
5074
5090
4594
4654
4670
4722
4738
4750
4762
4278
4298
4314
4322
4338
4342
4350
4366
3862
3870
3882
3894
3906
3918
3922
3426
3438
3450
3466
3474
3482
3050
3062
4758
4782
4810
4818
4822
4834
4338
4346
4362
4370
4394
4398
4414
4430
3930
3942
3954
3958
3974
3986
3990
3494
3510
3514
3526
3538
3546
3570
3066
3074
3166
3182
5078
5094
5114
4614
4622
4714
4730
4742
4754
4802
4294
4306
4314
4330
4338
4354
4362
3858
3866
3882
3894
3902
3914
3926
3422
3438
3446
3454
3470
3478
3050
3070
4806
4822
4838
4846
4858
4878
4378
4390
4402
4402
4418
4430
4442
4514
4038
4050
4058
4082
4086
4102
4110
3618
3634
3646
3654
3666
3678
3250
3266
3274
3282
3302
4946
4958
4978
4474
4482
4490
4506
4518
4534
4542
4054
4066
4082
4090
4102
4118
4198
4454
3946
3958
3974
3990
3998
4002
4018
3526
3530
3546
3558
3570
3574
3598
4678
4710
5066
5074
5078
5106
5118
5122
4622
4634
4638
4654
4666
4678
4686
4698
4178
4186
4194
4210
4226
4234
4238
3754
3766
3778
3790
3802
3806
3378
3386
3398
4814
4846
4858
4870
4882
4378
4394
4402
4406
4446
4450
4466
3962
3978
3986
3998
4010
4018
4034
4050
3538
3546
3558
3570
3578
3590
3222
3242
3266
3274
3290
3302
5186
5202
4754
4766
4790
4806
4818
4830
4834
4854
4326
4346
4346
4362
4374
4386
4394
3898
3910
3918
3938
3946
3950
3966
3478
3486
3498
3510
3518
3534
3090
3098
4766
4786
4806
4818
4826
4842
4334
4342
4354
4386
4398
4418
4422
3938
3958
3982
3990
4002
4010
4018
4034
3514
3522
3542
3550
3562
3570
3146
3162
3222
3234
3250
5050
5094
5102
4606
4698
4714
4730
4754
4762
4782
4266
4278
4286
4294
4310
4318
4330
3842
3850
3858
3874
3886
3894
3458
3470
3478
3494
3502
3510
3526
3026
3034
4802
4818
4830
4846
4858
4866
4358
4706
4726
4738
4750
4762
4770
4778
4274
4286
4294
4310
4318
4330
4342
3842
3850
3862
3878
3886
3898
3462
3470
3486
3498
3510
5078
5098
5106
4606
4714
4722
4742
4758
4770
4782
4266
4274
4286
4298
4306
4314
4326
3842
3846
3858
3870
3878
3894
3466
3474
3486
3498
3502
3518
3530
3534
3034
4710
4718
4746
4754
4766
4774
4790
4290
4298
4314
4326
4342
4346
4362
4378
3866
3882
3890
3902
3918
3930
3486
3510
3518
3542
3554
3566
3574
3086
3098
3106
3118
5078
5106
5118
5222
4714
4730
4746
4754
4762
4778
4790
4294
4302
4310
4326
4338
4342
4358
4370
3862
3874
3886
3894
3910
3914
3486
3498
3506
3518
3530
3538
3550
5198
4710
4726
4738
4746
4758
4766
4778
4274
4282
4294
4310
4322
4326
4350
4358
3846
3854
3870
3878
3886
3902
3462
3478
3482
3494
3502
3518
3526
3046
3058
3066
4850
4874
4886
4894
4906
4398
4410
4422
4430
4442
4458
4478
3978
4002
4006
4018
4030
4038
3594
3606
3618
3630
3646
3650
3766
3278
3290
3302
3314
3326
3334
3346
5198
4726
4738
4750
4762
4774
4778
4794
4286
4306
4318
4326
4334
4350
4358
4374
3854
3870
3878
3890
3910
3914
3490
3502
3514
3522
3526
3542
3558
3062
3078
3086
4810
4822
4830
4850
4866
4346
4362
4378
4386
4398
4414
4422
3934
3946
3966
3982
3994
4006
4006
3582
3678
3706
3730
3742
3750
3766
3270
3278
3290
3302
3310
3326
5210
5230
4738
4754
4766
4778
4786
4802
4810
4302
4310
4326
4342
4350
4358
4366
3926
3946
3950
3966
3974
3982
3994
3494
3502
3518
3530
3538
3550
3562
3062
3078
4774
4786
4806
4818
4830
4838
4322
4346
4358
4370
4378
4394
4406
3910
3922
3934
3946
3962
3974
3526
3542
3554
3562
3578
3678
3974
3490
3502
3514
3526
3538
3546
5146
5166
4666
4682
4690
4702
4706
4726
4738
4746
4230
4242
4262
4270
4278
4290
3858
3866
3878
3890
3894
3914
3922
3418
3434
3446
3454
3470
3482
3486
3002
3014
4810
4826
4850
4862
4874
4886
4390
4398
4414
4422
4430
4446
4002
4010
4030
4038
4046
4062
4074
4082
3586
3686
3714
3738
3750
3754
3770
3274
3282
3298
3302
3310
5278
5294
5306
4798
4810
4822
4830
4842
4858
4866
4874
4362
4374
4386
4394
4406
4414
3986
3998
4006
4014
4030
4042
4050
3562
3578
3590
3594
3606
3618
3622
3642
4650
4658
4674
4686
4694
4706
4722
4730
4238
4254
4266
4274
4290
4330
3898
3918
3926
3938
3946
3962
3974
3986
3470
3482
3494
3498
3510
3522
3538
3046
3058
3066
5130
5154
5170
5182
5194
4682
4694
4706
4718
4730
4738
4302
4310
4326
4338
4346
4358
4374
3878
3886
3902
3910
3922
3926
3942
3454
3462
3478
3490
3490
3506
3522
5114
5174
4674
4686
4694
4710
4722
4730
4742
4754
4254
4266
4282
4286
4298
4306
3870
3878
3886
3902
3910
3922
3934
3426
3434
3442
3462
3470
3474
3490
2994
2998
4826
4838
4854
4858
4874
4886
4366
4378
4394
4406
4426
4438
4018
4026
4038
4050
4062
4066
4082
3578
3586
3602
3706
3718
3734
3750
3262
3274
3282
3290
3302
3310
5134
5150
4954
4966
4978
4994
5006
5018
4574
4590
4602
4614
4626
4638
4650
4658
4146
4158
4158
4174
4186
4194
4214
3710
3714
3730
3738
3746
3762
3770
3782
3290
4746
4766
4782
4786
4798
4814
4822
4310
4330
4362
4370
4386
4394
4086
4102
4114
4126
4146
4154
4166
3674
3682
3686
3702
3714
3718
3734
3234
3238
3258
3266
3270
4990
5030
5154
4670
4694
4714
4718
4730
4746
4750
4298
4310
4318
4330
4342
4350
4358
3850
3862
3878
3886
3890
3906
3918
3426
3442
3450
3458
3470
3482
3490
3014
4706
4718
4722
4738
4758
4770
4334
4342
4354
4370
4394
4402
4418
4430
3926
3934
3950
3958
3974
3994
4006
3510
3522
3530
3542
3554
3562
3578
3086
3442
3450
3466
4982
5002
5014
5022
4514
4642
4662
4674
4686
4698
4262
4270
4286
4294
4310
4318
4330
3826
3838
3846
3858
3866
3878
3898
3410
3418
3426
3438
3450
3458
3466
3474
4638
4646
4666
4678
4690
4698
4722
4294
4306
4314
4322
4334
4346
4354
3870
3886
3898
3910
3922
3934
3942
3958
3462
3470
3486
3502
3506
3522
3534
3038
3050
3058
4762
4798
4814
4830
4398
4414
4426
4434
4450
4458
4466
3966
3986
3994
4002
4394
4414
4426
4446
3926
3942
3950
3954
3970
3982
3994
3502
3518
3522
3534
3546
3554
5142
5162
4662
4674
4682
4694
4706
4718
4282
4302
4310
4318
4334
4342
4354
4362
3854
3910
3926
3942
3954
3962
3982
3482
3486
3502
3510
3522
3538
3546
3050
3066
4774
4786
4818
4830
4838
4382
4402
4414
4426
4434
4454
4466
3974
3990
4002
4010
4026
4038
4046
4062
3554
3562
3574
3586
3686
3702
3714
3230
3246
3258
3266
3274
5018
5054
4706
4718
4734
4738
4754
4770
4786
4298
4314
4330
4342
4354
4354
4378
4390
3874
3886
3898
3906
3918
3930
3934
3446
3462
3470
3486
3498
3502
3514
3014
4758
4770
4794
4806
4814
4826
4374
4382
4398
4406
4422
4446
4458
3966
3978
3990
3998
4010
4030
4038
3534
3542
3558
3570
3582
3670
3682
3202
3222
3226
3242
3254
4990
5018
4602
4614
4734
4742
4754
4766
4778
4282
4286
4306
4314
4326
4342
4358
4366
3858
3862
3874
3886
3894
3910
3922
3422
3438
3450
3454
3470
3482
3490
2994
4722
4738
4754
4762
4782
4794
4802
4298
4310
4322
4326
4342
4354
4366
3858
3870
3886
3898
3910
3982
3998
3506
3522
3538
3554
3562
3574
3586
3598
3098
3102
3118
4986
4998
5014
5038
4682
4710
4738
4750
4766
4834
4846
4350
4362
4378
4386
4394
4410
4422
4430
3922
3926
3934
3950
3966
3974
3982
3494
3498
3514
3526
3534
3546
5118
4702
4722
4734
4754
4762
4766
4782
4794
4282
4294
4306
4318
4330
4338
4350
3846
3854
3870
3878
3886
3902
3910
3422
3430
3442
3450
3466
3474
3482
3494
2990
4746
4778
4786
4802
4814
4822
4318
4334
4350
4354
4374
4390
4402
3898
3914
3918
3938
3958
3966
3978
3994
3482
3498
3506
3514
3530
3542
3554
3058
3058
3074
3486
4898
4910
4926
4934
4498
4518
4530
4542
4550
4566
4570
4074
4086
4094
4106
4118
4122
4194
4214
3714
3726
3738
3750
3758
3766
3778
3286
3298
3310
3318
3334
3346
4706
4718
4742
4750
4762
4774
4786
4798
4286
4294
4306
4318
4326
4342
4350
3834
3862
3874
3878
3894
3906
3914
3418
3434
3442
3458
3470
3482
3502
3006
3010
3026
4850
4878
4906
4922
4422
4430
4442
4454
4466
4478
4482
3970
3986
3994
4334
4346
4362
4374
4386
3870
3886
3898
3910
3914
3930
3942
3462
3474
3486
3498
3506
3518
5134
4718
4730
4742
4762
4770
4782
4798
4302
4310
4318
4330
4342
4354
4362
4378
3850
3866
3878
3894
3906
3914
3926
3426
3442
3450
3458
3474
3486
3498
3010
3018
4834
4858
4870
4878
4890
4386
4402
4418
4430
4438
4458
4474
3970
3982
3998
4006
4018
4030
4034
3546
3550
3562
3570
3586
3678
3698
3710
3214
3226
3238
3250
3262
5174
5194
4702
4718
4726
4738
4754
4770
4790
4286
4302
4314
4326
4338
4346
4362
4370
3862
3870
3886
3894
3902
3910
3926
3430
3438
3450
3458
3466
3482
3494
2990
4770
4806
4822
4834
4846
4858
4350
4362
4374
4386
4398
4414
4422
3930
3942
3954
3966
3982
3990
4006
4018
3506
3522
3530
3542
3550
3570
3574
3078
3178
3182
3198
5074
5086
5098
4698
4714
5038
5046
5058
5070
5086
4578
4586
4602
4614
4618
4634
4642
4650
4146
4154
4162
4174
4190
4198
4210
3722
3730
3742
3754
3762
3778
3346
4778
4790
4802
5194
5202
5214
5234
4710
4722
4726
4746
4762
4766
4782
4294
4302
4314
4326
4330
4346
4358
3854
3862
3874
3882
3902
3906
3914
3418
3430
3442
3458
5050
5066
5078
4590
4598
4718
4742
4758
4762
4838
4334
4338
4354
4370
4374
4390
4402
4410
3902
3914
3918
3934
3946
3954
3970
3478
3486
3502
3514
3522
3534
3102
4726
4746
4758
4858
4870
4882
4890
4402
4406
4414
4430
4446
4450
4462
4474
3962
3982
3990
3998
4010
4022
4026
3530
3542
3554
3566
3574
3586
3150
3158
3174
3182
4854
4874
4882
4890
4446
4462
4466
4482
4494
4502
4514
4522
4026
4038
4042
4058
4070
4082
4162
3658
3670
3678
3694
3706
3734
3742
3254
3262
3274
3286
3294
3310
5210
4718
4726
4754
4770
4790
4802
4818
4314
4322
4330
4346
4354
4374
4382
3874
3886
3902
3906
3918
3934
3946
3434
3450
3478
3490
3502
3514
3082
3086
3102
3114
4882
4902
4910
4922
4418
4434
4442
4458
4466
4802
4830
4842
4330
4342
4354
4366
4378
4386
4398
3898
3910
3918
3930
3942
3950
3534
3542
3550
3566
3574
3582
3598
5206
4766
4782
4794
4802
4818
4826
4838
4342
4350
4366
4378
4394
4406
4418
4430
3906
3914
3926
3938
3942
3962
3974
3466
3478
3490
3502
3518
3522
3090
3106
3118
4826
4834
4846
4862
4878
4366
4382
4394
4406
4442
4458
4474
4482
3978
3982
3998
4010
4018
4034
4042
3542
3558
3578
3586
3602
3606
3238
3258
3270
3278
3294
3306
5202
5214
4730
4770
4782
4790
4806
4826
4834
4334
4354
4366
4370
4386
4394
4398
4418
3898
3902
3918
3930
3938
3946
3522
3534
3542
3554
3566
3570
3582
3086
3098
4834
4854
4870
4894
4902
4914
4402
4410
4426
4458
4470
4486
4498
3998
4018
4030
4030
4046
4062
4070
3566
3570
3586
3598
3698
3710
3282
3294
3314
3322
3330
3346
5058
5090
4710
4718
4734
4742
4754
4766
4778
4786
4278
4286
4294
4310
4318
4326
4346
4350
3846
3858
3870
3874
3886
3898
3470
3482
3490
3502
3510
3526
3538
3034
4686
4710
4722
4734
4742
4758
4770
4250
4262
4274
4294
4306
4322
4334
3850
3862
3874
3894
3906
3914
3926
3486
3490
3506
3518
3522
3530
3546
3058
3066
3082
3094
4882
4902
4910
4918
4414
4430
4442
4462
4482
4490
4502
4002
4014
4022
4034
4046
4058
4070
4082
3570
3670
3690
3702
3714
3726
3290
3306
3314
3322
3346
3358
3362
5226
4730
4734
4746
4758
4766
4786
4794
4286
4298
4310
4318
4358
4362
4374
3878
3890
3906
3914
3930
3934
3510
3518
3530
3542
3546
3562
3570
3578
3070
3082
3094
5046
5078
5098
5114
5190
4694
5038
5046
5054
5070
5078
5102
4598
4610
4618
4634
4642
4654
4214
4222
4238
4246
4258
4266
4274
3786
3794
3802
3814
3826
3830
3846
5210
4714
4722
4730
4746
4758
4774
4786
4278
4282
4298
4314
4322
4334
4350
3850
3862
3874
3878
3894
3906
3910
3466
3478
3486
3502
3518
3530
3538
3046
3062
3074
4886
4890
4918
4926
4942
4442
4458
4478
4490
4498
4510
4526
4006
4118
4130
4146
4158
4170
3726
3742
3754
3762
3778
3786
3798
3310
3322
3330
3342
3354
3362
3374
5370
4882
4894
4910
4922
4930
4942
4950
4462
4470
4478
4494
4498
4506
4074
4090
4098
4114
4118
4126
4142
3630
3638
3654
3666
3674
3690
3698
3190
3202
3214
3218
4858
4902
4910
4926
4414
4434
4438
4458
4470
4482
4494
4506
3986
4002
4010
4114
4142
4150
3718
3734
3746
3750
3766
3782
3790
3302
3310
3314
3330
3338
3354
3366
5138
4634
4642
4658
4670
4682
4690
4702
4214
4226
4238
4250
4262
4270
4278
3830
3842
3850
3874
3886
3898
3910
3410
3426
3434
3450
3462
3466
3474
3494
2990
2994
4758
4774
4786
4802
4810
4826
4318
4326
4334
4354
4358
4374
3934
3938
3958
3966
3974
3990
3998
4014
3502
3514
3526
3534
3582
3598
3642
3438
3454
3470
3482
3490
5146
5170
5174
4674
4686
4694
4706
4714
4726
4734
4238
4250
4262
4274
4290
4302
3858
3866
3874
3886
3894
3906
3918
3426
3442
3454
3454
3474
3486
3490
3502
2994
4670
4690
4706
5054
5066
5086
5094
4590
4602
4606
4618
4630
4638
4214
4226
4234
4250
4266
4274
4282
4298
3782
3790
3802
3814
3822
3838
3850
3358
3370
3382
3394
4842
4866
4886
4894
4658
4674
4686
4702
4714
4722
4294
4302
4314
4326
4330
4342
4358
4366
3858
3870
3870
3886
3902
3910
3922
3426
3434
3446
3458
3466
3474
3494
5146
5154
4650
4666
4674
4686
4694
4710
4722
4226
4238
4254
4262
4274
4282
3834
3850
3854
3870
3882
3890
3902
3414
3422
3434
3450
3458
3470
3482
3490
2990
3002
4770
4798
4810
4818
4830
4838
4342
4358
4366
4386
4414
4422
3990
4002
4006
4022
4038
4046
4062
4078
3562
3574
3586
3594
4038
4050
4066
3574
3586
3598
3610
3622
5154
5206
5230
4726
4738
4750
4758
4774
4790
4342
4354
4366
4374
4386
4394
4410
3902
3914
3922
3934
3946
3954
3974
3490
3498
3506
3522
3534
3542
3558
3046
3062
4730
4754
4770
4778
4790
4806
4302
4314
4326
4362
4366
4382
4402
3970
3982
3998
4010
4018
4026
4042
3542
3554
3562
3574
3586
3602
3670
3186
3202
3218
3226
3242
5334
5342
5358
4850
4862
4878
4882
4894
4906
4922
4470
4478
4490
4494
4510
4522
4530
4042
4050
4058
4074
4086
4090
4102
3610
3622
3634
3642
3654
3666
3678
3686
4654
4666
4674
4686
4698
4710
4726
4290
4302
4314
4326
4338
4350
4362
4370
3874
3886
3898
3910
3918
3926
3942
3454
3462
3478
3490
3502
3518
3530
3030
3042
3058
4822
4846
4862
4878
4902
4390
4402
4410
4426
4434
4442
4458
4022
4026
4042
4054
4066
4082
4098
3662
3678
3698
3730
3746
3754
3766
3274
3278
3294
3302
3310
3326
5134
5158
4670
4682
4694
4710
4722
4726
4290
4306
4318
4330
4338
4350
4358
4374
3858
3866
3874
3890
3898
3914
3926
3430
3442
3454
3466
3478
3494
3510
3034
3042
4750
4774
4786
4802
4814
4370
4378
4390
4402
4410
4426
4438
3938
3954
3966
3974
3990
4002
4006
4022
3518
3526
3542
3554
3562
3666
3686
3190
3210
3218
3226
3246
5130
5146
5158
4654
4670
4682
4690
4702
4714
4270
4286
4298
4310
4318
4334
4350
4358
3846
3862
3870
3882
3890
3898
3914
3426
3434
3446
3458
3466
3482
3490
2982
4682
4698
4718
4734
4742
4758
4318
4338
4350
4358
4370
4394
4402
3918
3926
3934
3946
3958
3962
3978
3990
3474
3490
3502
3514
3522
3534
3546
3050
3062
3074
3170
4806
4818
4830
4394
4410
4418
4426
4442
4466
4490
4518
4010
4026
4038
4050
4070
4074
4086
4102
3586
3586
3662
3698
3714
3734
3742
3262
3274
3282
3290
3298
3310
5138
5158
4658
4670
4682
4694
4702
4718
4278
4290
4302
4314
4318
4330
4342
3838
3850
3870
3870
3882
3898
3906
3914
3414
3418
3430
3442
3450
3462
3474
2970
2986
4794
4810
4826
4842
4846
4398
4406
4430
4442
4478
4490
4502
4006
4014
4030
4042
4050
4062
4070
4090
3578
3590
3602
3658
3690
3706
3718
3234
3246
3254
3266
3278
4862
4898
4466
4482
4494
4510
4522
4526
4538
4550
4050
4058
4070
4086
4098
4114
4174
4198
3686
3710
3722
3730
3746
3758
3770
3282
3286
3298
3310
3322
3330
3342
5146
4670
4686
4694
4706
4718
4726
4278
4294
4314
4338
4354
4366
4374
4386
3862
3874
3886
3898
3910
3922
3938
3458
3462
3482
3490
3498
3510
3522
3026
3038
3050
4870
4890
4902
4922
4486
4502
4510
4526
4534
4546
4558
4058
4066
4078
4090
4166
4214
4442
4446
3958
3966
3978
3990
4002
4010
4018
3522
3534
3550
3558
3570
3578
4714
4726
4742
4758
4770
4782
4790
4802
4298
4310
4314
4330
4342
4346
4358
4378
3854
3870
3878
3882
3902
3910
3918
3442
3450
3458
3474
3482
3494
3506
3518
3018
4734
4770
4782
4794
4802
4814
4362
4378
4394
4406
4422
4434
4442
3934
3946
3954
3974
3986
3994
4014
3526
3530
3542
3554
3574
3586
3686
3194
3206
3218
3230
3234
5246
5262
4814
4826
4838
4846
4854
4870
4882
4390
4402
4410
4422
4434
4446
4454
4466
3954
3962
3974
3982
3998
4006
4010
3530
3542
3546
3562
3574
3586
3594
3610
4686
4706
4726
4734
4746
4754
4766
4782
4270
4278
4286
4302
4314
4318
4330
3846
3862
3866
3878
3926
3938
3950
3450
3458
3466
3478
3494
3506
3518
3526
3038
3050
4738
4754
4774
4786
4794
4350
4358
4382
4390
4410
4426
4434
3934
3942
3970
3982
3994
4002
4014
4026
3526
3526
3542
3554
3570
3586
3658
3178
3186
3198
3214
3226
5014
5030
4602
4698
4714
4730
4738
4758
4766
4270
4282
4294
4306
4314
4322
4338
4350
3838
3850
3862
3878
3890
3894
3906
3414
3426
3430
3446
3462
3470
3486
3498
4686
4702
4726
4738
4754
4762
4770
4782
4274
4290
4302
4310
4322
4330
4350
3838
3850
3858
3870
3878
3890
3902
3406
3418
3426
3442
3454
3458
3470
3486
2986
2998
4802
4818
4830
4842
4418
4426
4434
4446
4454
4470
4482
3978
3994
4010
4014
4030
4042
4046
4070
3558
3566
3702
3718
3734
3754
3766
3466
3486
3494
3506
3514
3526
5142
4694
4710
4726
4746
4754
4766
4778
4278
4294
4298
4306
4322
4526
4538
4554
4038
4050
4066
4078
4086
4094
4106
3618
3630
3642
3654
3670
3682
3686
3694
3194
4814
4846
4866
4874
4886
4378
4394
4406
4414
4426
4442
4450
3958
3970
3978
3998
4006
4018
4022
4042
3530
3542
3550
3570
3582
3698
3714
3218
3230
3242
3246
3266
5158
5166
4726
4734
4746
4766
4790
4802
4810
4322
4330
4342
4350
4366
4378
4390
4398
3882
3894
3906
3914
3926
3938
3950
3454
3462
3470
3482
3486
3502
3514
3010
4802
4814
4826
4906
4926
4946
4434
4446
4458
4470
4470
4482
4502
3998
4014
4026
4030
4050
4058
4070
3562
3574
3582
3590
3602
3614
3622
3158
3190
3198
3214
3226
5070
5078
4570
4586
4666
4714
4734
4750
4766
4254
4270
4282
4294
4306
4318
4330
4334
3842
3854
3862
3874
3886
3894
3914
3422
3426
3438
3450
3462
3470
3494
3002
4726
4758
4778
4786
4794
4814
4318
4326
4346
4354
4366
4382
4394
4398
3902
4294
4302
4314
4330
4338
4350
3842
3854
3870
3882
3890
3902
3914
3426
3438
3446
3454
5058
5074
5090
4574
4686
4706
4718
4730
4742
4762
4270
4286
4298
4310
4322
4334
4346
4358
3858
3870
3882
3894
3902
3914
3926
3434
3446
3458
3458
3474
3486
3046
4782
4794
4798
4810
4826
4842
4854
4350
4366
4374
4386
4394
4414
4430
3946
3962
3974
3986
3994
4006
4018
3514
3522
3534
3546
3558
3570
3574
3162
3178
3198
3214
5086
5094
5110
4682
4698
4730
4742
4754
4758
4814
4314
4326
4338
4350
4354
4374
4382
3886
3894
3910
3918
3934
3946
3962
3458
3466
3478
3490
3498
3510
3074
3094
4742
4770
4774
4790
4806
4822
4306
4322
4334
4366
4394
4406
4418
4422
3918
3930
3934
3946
3958
3966
3982
3490
3494
3514
3526
3534
3546
3118
3126
3138
3146
3154
5198
5226
5238
4734
4750
4766
4774
4786
4794
4810
4306
4314
4330
4342
4350
4362
4374
4382
3878
3886
3894
3902
3914
3930
3934
3442
3510
3538
3550
3554
3570
3134
4694
4710
4722
4734
4746
4758
4770
4262
4266
4282
4290
4294
4310
4326
3822
3834
3846
3854
3866
3878
3886
3906
3402
3414
3426
3442
3458
3466
3042
3058
3066
3078
4842
4850
4866
4882
4382
4402
4410
4442
4458
4470
4486
3986
3998
4010
4018
4026
4038
4050
4062
3562
3566
3582
3586
3658
3690
3258
3274
3290
3294
3314
3322
3330
5210
4742
4762
4770
4786
4790
4806
4822
4318
4334
4342
4358
4366
4382
4390
4402
3886
3902
3910
3926
3934
3946
3958
3466
3482
3490
3494
3510
3526
3070
3086
3098
4830
4854
4862
4878
4882
4370
4382
4394
4402
4434
4442
4462
4466
3974
3990
3998
4014
4022
4038
4050
3538
3546
3558
3574
3586
3650
3494
3506
3522
3534
3542
3562
5050
5074
4574
4590
4598
4702
4766
4778
4794
4802
4282
4294
4306
4310
4326
4338
4350
3870
3882
3886
3906
3918
3922
3494
3502
3514
3526
3538
3542
3558
3570
3066
4702
4714
4742
4754
4770
4778
4794
4290
4294
4310
4326
4330
4346
4358
4366
3866
3874
3886
3894
3910
3918
3926
3426
3434
3450
3462
3470
3474
3490
3062
3066
3086
4802
4826
4838
4858
4866
4362
4374
4386
4394
4402
4418
4450
4462
3962
4270
4286
4294
4302
4322
4338
3838
3846
3862
3866
3874
3890
3454
3466
3482
3490
3502
3514
5198
5238
4730
4738
4758
4774
4786
4798
4814
4310
4318
4330
4338
4354
4366
4382
4390
3874
3882
3890
3906
3918
3926
3498
3510
3522
3526
3542
3554
3562
3070
3082
4750
4766
4782
4794
4798
4810
4318
4334
4346
4362
4366
4382
4386
3890
3902
3906
3918
3926
3946
3958
3966
3454
3470
3494
3502
3510
3518
3094
3106
3106
3122
3134
5114
5114
5130
4638
4646
4654
4666
4678
4686
4702
4202
4210
4226
4234
4250
4254
4262
4278
3762
3770
3778
3794
3798
3810
3390
3398
3418
3426
3434
3446
3462
3466
4674
4714
4734
4742
4754
4774
4782
4790
4278
4290
4298
4310
4318
4334
4346
4358
3846
3862
3874
3878
3890
3902
3466
3478
3490
3498
3510
3530
3530
3046
3058
3070
4774
4790
4810
4826
4842
4338
4354
4362
4370
4390
4414
4426
4442
3942
3950
3962
3970
3986
3994
4002
3494
3506
3518
3530
3538
3550
3118
3130
3190
3234
3250
3266
5210
5238
4738
5102
5118
5130
5142
5158
5166
4654
4662
4678
4686
4694
4710
4722
4234
4246
4262
4270
4278
4290
3862
3874
3882
3894
3902
3914
3926
3934
3430
3442
4786
4810
4826
4838
4842
4858
4366
4378
4390
4414
4426
4446
4454
4462
3958
3974
3982
3998
4002
4018
3574
3586
3594
3610
3618
3626
3642
3222
3242
3258
3270
3282
5042
5078
5094
4786
4806
4814
4834
4846
4854
4866
4362
4374
4390
4398
4410
4422
4434
4446
3942
3954
3958
3970
3982
3994
3558
3570
3582
3594
3606
3618
3622
3126
4710
4718
4730
4742
4910
4926
4938
4450
4454
4462
4478
4482
4502
4506
4522
4010
4018
4026
4042
4054
4066
3630
3638
3646
3654
3670
3686
3694
3194
3206
3218
3226
5086
5098
5118
5294
4782
4790
4810
4822
4826
4842
4858
4370
4374
4390
4398
4406
4422
3982
3994
4006
4014
4018
4034
4046
3550
3566
3570
3578
3594
3606
3614
3114
4710
4722
4738
4746
4762
4770
4774
4266
4282
4290
4298
4314
4326
4342
4346
3838
3850
3862
3874
3894
3910
3474
3486
3502
3790
3794
3810
3822
3338
3354
3366
3374
4758
4778
4790
4802
4814
4302
4386
4398
4410
4418
4438
4446
3958
3978
3986
3998
4002
4018
4030
3582
3598
3606
3614
3630
3634
3694
3206
3226
3234
3246
3254
3262
5066
5078
5162
4666
4690
4698
4718
4730
4742
4750
4246
4258
4266
4278
4282
4298
3854
3862
3878
3886
3894
3910
3922
3426
3442
3450
3462
3474
3490
3498
3002
3014
