Latency
3834
1658
1906
1670
1630
1634
1682
1654
1642
1678
1690
1702
1674
1642
1678
1734
1626
1686
1666
1742
1670
1702
1666
1702
1654
1682
1630
1642
1846
1626
1674
1734
1730
1682
1646
1746
1686
1718
1650
1698
1690
1634
1614
1746
1674
1630
1674
1682
1638
1702
1654
1734
1630
1642
1654
1710
1690
1654
1658
1974
1658
1682
1682
1726
1682
1630
1670
1662
1674
1658
1670
1702
1646
1690
1658
1662
1674
1786
1662
1674
1642
1642
1662
1702
1678
1626
1686
1702
1698
1694
1654
1646
1726
1662
1666
1682
1658
1706
1634
1690
1642
1658
1642
1706
1646
1682
1738
1682
1634
1646
1674
1702
1662
1638
1870
1746
1646
1674
1690
1690
1662
1642
1674
1638
1650
1662
1686
1722
1942
1670
1654
1698
1686
1630
1674
1662
1658
1642
1650
1654
1714
1658
1670
1706
1642
1682
1682
1658
1726
1634
1682
1706
1730
1686
1634
1746
1654
1870
1658
1686
1686
1702
1602
1830
1630
1670
1682
1698
1698
1654
1682
1642
1646
1670
1670
1686
1686
1686
1662
1722
1674
1638
1662
1686
1674
1638
1582
1642
1646
1670
1654
1714
1718
1646
1610
1650
1682
1658
1682
1690
1690
1638
1658
1658
1638
1710
1602
1710
1690
1646
1630
1666
1634
1638
1946
1730
1674
1914
1682
1734
1686
1730
1658
1686
1646
1650
1598
1698
1674
1702
1674
1694
1762
1642
1622
1602
1682
1634
1686
1698
1662
1646
1594
1666
1650
1678
1658
1670
1682
