Latency
4930
4002
3018
2034
1214
1194
1242
1186
1198
1178
1178
1266
1298
1158
1198
1246
1274
1238
1218
1198
1222
1166
1218
1242
1274
1266
1258
1226
1306
1146
1242
1174
1202
1262
1242
1186
1194
1386
1238
1166
1226
1226
1178
1230
1270
1214
1194
1154
1262
1254
1146
1302
1290
1186
1274
1158
1182
1218
1158
1286
1278
1198
1186
1214
1274
1262
1158
1222
1266
1246
1226
1246
1298
1286
1310
1166
1286
1154
1454
1142
1162
1266
1170
1234
1278
1162
1242
1166
1178
1282
1162
1198
1286
1262
1174
1154
1230
1226
1202
1202
1242
1214
1234
1214
1242
1214
1118
1206
1234
1194
1170
1158
1218
1206
1170
1570
1634
1194
1234
1238
1254
1258
1234
1378
1430
1206
1198
1250
1338
1214
1178
1214
1258
1154
1246
1202
1278
1254
1154
1298
1318
1190
1166
1138
1166
1214
1202
1174
1298
1138
1234
1214
1226
1254
1242
1226
1274
1246
1174
1150
1242
1242
1210
1186
1242
1254
1262
1234
1270
1246
1198
1174
1254
1134
1194
1218
1218
1198
1186
1198
1266
1234
1194
1142
1178
1178
1170
1254
1534
1170
1194
1246
1298
1214
1194
1190
1362
1246
1270
1134
1186
1262
1198
1250
1274
1202
1178
1198
1218
1202
1162
1250
1322
1206
1186
1194
1198
1214
1206
1182
1318
1194
1202
1194
1298
1226
1218
1262
1290
1206
1198
1122
1242
1170
1186
1226
1214
1190
1162
1162
1246
1346
1238
1210
1234
1158
1258
1178
1226
