Latency
2594
2770
2874
3894
3218
3162
2762
3178
3250
2746
3346
3186
3162
2838
2774
2274
3314
3222
2522
2754
3246
3206
3218
3246
3254
2946
3202
3162
3198
3146
3310
2914
2682
2546
3726
3646
3046
3198
4238
3274
3202
3242
3242
3194
3150
3198
3222
3154
3230
3238
3138
3298
2754
3246
3154
3230
3230
3162
2950
3178
2722
3218
2898
2682
2858
2758
3254
3050
3306
3254
3230
3246
3222
3274
3482
2926
3182
2950
2942
3194
3210
5542
3266
3254
2702
3326
3002
2342
2746
3226
3146
3218
3230
2978
2982
3282
3218
3210
3186
2770
3338
3234
3286
3238
3202
2262
3178
2758
3390
3102
3162
3282
3182
3166
2998
3254
3162
3266
3510
3266
18202
3274
2858
2702
3266
3258
3162
3242
3638
3626
3298
3150
3262
3494
3554
3186
3254
3254
3194
3286
2554
3246
3662
3246
3174
3754
3214
3234
3302
2974
3654
3282
3194
2950
3198
3278
2898
3258
3422
2346
3250
3206
3642
3370
3170
3246
3454
3458
3170
3322
3282
2494
2730
3466
3238
3270
2890
3242
3210
2994
3646
3210
3314
3234
3650
3254
2942
3174
2994
3202
2902
3290
3314
3382
3278
3662
2710
3446
2754
3322
3146
3330
3414
3230
2862
3206
3194
3302
3230
3170
2886
3302
3762
3654
2946
3202
3194
3342
3234
3262
3458
3158
2310
3270
3442
3046
3066
2938
3162
2770
2294
3250
3654
2698
3358
2754
3150
3182
3318
3282
2806
3210
3030
3610
3238
3266
3246
3234
3174
3538
3126
2326
3266
2910
3222
4014
3166
3242
3210
2806
3666
2778
3242
3254
3174
3286
3218
3682
3478
3438
3238
3262
3258
2730
2798
2794
3642
3278
2770
3198
3266
2514
2890
3398
3398
3138
3198
3486
2846
3618
3158
3410
2326
3278
2922
3374
2446
2762
2794
2282
3190
2922
3718
3278
3206
2322
2770
3466
2322
3246
3274
3266
2886
3250
3186
3298
3718
3738
3306
3290
3246
3274
2778
3126
3006
3142
2946
3206
2042
3426
3506
2266
3198
3194
2766
3282
3250
3230
3254
3198
3382
3258
3302
3286
3242
3238
3682
2898
2930
3194
2822
2886
3262
3326
3226
3322
3270
2898
3314
3146
2922
3294
3350
3266
3102
2774
3362
2362
2930
3234
3254
3270
3178
2858
2870
3670
3298
3378
3042
2814
3234
2978
3894
3214
3166
3446
3358
3222
3318
3242
3254
3202
3286
3662
3222
3202
2966
3250
3322
3214
2818
3222
2486
2462
3278
2246
3282
3294
2598
3570
3286
2690
3330
2498
3338
2894
3462
2818
2994
3194
3242
3242
3222
3258
2982
3202
3226
2758
3282
2570
3274
2798
3278
3234
3742
3126
2934
3254
3434
2930
3654
3238
3254
2798
2738
3238
3130
3282
3318
2774
2334
3222
3254
2742
3190
2774
3278
3394
3190
3450
3210
3278
3002
3130
3790
3618
2922
3282
2314
3262
2790
3722
2350
3302
3370
3306
2870
2294
3386
3222
3254
2390
2822
3294
3550
3266
2894
3494
3254
3218
3174
3310
2858
3238
3394
3270
3282
3478
3274
2730
3246
3278
2786
2342
3250
3242
3242
2770
3186
3450
3406
3146
3510
3230
2826
3322
2502
3766
2290
3142
3254
3306
3270
3334
3418
2842
3258
2746
3014
3226
2766
3234
2954
3150
3186
2346
3214
3478
3310
3262
3218
3686
2894
2950
3238
3674
2778
3442
2302
3278
3182
3258
3250
3414
3166
3158
3334
3170
2966
3286
3130
3198
3202
3686
2378
3250
3298
3186
3326
3242
2762
3278
3258
2326
2454
3146
3002
3486
3322
2902
2926
3002
3006
3194
2262
3226
3218
2814
3270
3218
3254
2738
3686
3306
3418
2498
3282
3346
2962
3350
2174
3266
2658
3338
3306
3226
3290
2922
2530
2286
3250
3242
2590
3278
3278
3178
3694
2330
3318
3290
2506
3210
3298
2786
3254
3266
2762
3030
3326
3286
2914
3442
3250
3238
3386
3338
2742
3818
3270
3470
3042
3218
2746
2862
3210
2814
3242
3294
3234
3390
3230
3690
3398
3222
3218
3326
2818
3558
3406
3198
3230
2294
3238
3330
2794
3266
2986
3038
3222
3114
3386
2766
3382
3466
3334
3346
3130
2906
2470
3286
2318
3326
3250
2722
3774
3254
3310
3330
2778
3178
3230
3414
3254
3310
3182
2826
3134
2954
3634
2814
3322
3234
3314
3146
2678
2742
3746
3298
3742
3214
3270
3690
3238
3038
3230
3298
2786
3210
3682
2762
3258
2786
3294
2090
3290
3246
3454
3290
2750
3250
3194
3202
3330
3298
3222
3278
3278
3278
16578
2534
3442
2870
3258
3306
3234
3258
2802
2218
3366
3230
2570
3310
2266
3218
3330
3682
3250
3230
3266
3298
3026
2734
3178
2926
3294
3250
3078
3034
3238
3270
3654
3194
2290
3198
2870
3170
2370
2934
3262
3294
3278
3466
3150
3326
3674
3662
3258
3454
3710
3250
2970
2782
2978
3250
2954
2730
3010
3550
3690
3246
3310
2694
3274
3254
2802
3298
19018
2766
3694
3174
3206
3170
3266
3038
3470
3190
2470
3110
2990
3174
2878
3278
3462
3326
3354
3374
3382
3278
3270
3274
3038
3270
2942
3242
3582
3142
2954
3442
3142
3322
3910
3226
3450
3186
3298
2522
2470
3438
3298
3230
3046
3358
2782
2318
3202
3678
3262
3222
2818
3162
3442
3366
3254
2278
3742
3310
3346
2798
2774
3238
3306
2878
3142
3262
2854
3258
3286
3258
2774
2058
2542
3338
3262
2998
3166
3714
2946
3610
3446
2982
3226
2294
3302
3282
3246
2754
3362
3170
3294
2862
2766
3222
3782
3378
3654
3250
3698
3706
3198
3162
2802
3234
2826
3118
3310
3698
3374
3366
3166
14642
3262
2754
3202
3418
3674
3254
2790
3250
3306
3178
3270
2354
3266
2758
18806
3278
3346
3238
3198
3182
3106
3190
3302
3270
3346
16298
3214
3274
3442
2658
3242
3178
3242
3302
3626
3350
2782
3266
3450
3226
3278
2822
2682
2966
3358
2342
3262
3298
2990
3142
3202
3102
3266
3318
3186
2554
2882
3330
3042
2822
3162
3318
3518
2962
2770
3142
3314
3378
2826
3122
3298
3686
3378
2310
3462
3306
2770
3342
3306
3338
2966
3290
3234
2826
2974
3238
3402
3226
3706
3266
3674
2478
2710
3590
3162
2778
3470
3226
3278
2898
3294
2874
3434
3618
3690
2858
3522
3314
2926
2798
3250
2602
2886
2826
3226
2998
3258
3454
2778
3234
3274
2346
3418
3238
3634
3222
2754
3318
3026
3266
3278
3310
3294
3238
2450
3242
3242
3290
3742
2362
3378
3422
2342
2630
3650
2794
3302
2818
3414
3298
3334
3338
3242
2838
3298
2918
2958
3286
3378
3582
3254
3262
3122
3266
3246
2766
3278
18386
2810
2954
2418
2294
3630
2970
3298
2366
3230
3306
3378
2778
3346
3174
3762
2798
2814
3294
3494
3258
2742
2578
2814
3242
2474
3330
3370
3254
3698
3366
2282
3282
3258
2510
2814
3250
3218
3286
2854
3490
3134
3266
3670
3226
2930
3258
3326
3238
3490
2834
2150
2966
3962
3290
3270
2962
2870
2122
3722
3174
2262
3142
3754
3002
2866
3218
3670
2790
3238
3326
2682
3178
2778
3438
3418
3398
2914
2786
3410
3686
2514
2910
3210
3310
3382
2430
2778
2802
3050
2750
3326
3670
3262
3258
2774
3234
3250
3442
3190
3566
3462
3286
3758
3286
3522
2282
3202
2954
3306
3286
3050
3210
3138
2906
2482
2978
3378
3274
3102
3250
3242
2742
2822
3602
3278
3230
3290
3194
3382
3318
3182
2886
3266
3158
3290
3266
3278
3282
2826
3486
3258
3286
3226
2786
3210
3206
3242
3294
2758
3210
3178
2618
3038
2498
3398
3222
3498
3262
3254
3302
3258
3274
2994
3346
2958
3678
2674
3110
3158
3166
3282
2734
3010
2786
2766
3238
2918
3682
2838
3018
2826
3250
2730
2746
2502
2906
3494
2938
3358
3278
2966
3242
3198
3418
3702
3178
2798
3170
3314
2822
3286
2426
3246
3230
2758
3178
3378
2982
2450
3222
2826
2826
3646
3710
2386
3662
3258
2818
3266
3418
3170
2806
3182
2418
3250
3322
2818
3258
3262
3258
3282
3254
3334
3362
3278
3214
3946
3266
3322
2782
2786
3254
2954
3182
2974
3266
3302
3258
3198
2446
2774
3182
3258
2834
2806
4702
3230
3418
3254
3550
3506
3170
3170
3282
2994
3278
3250
3294
3134
3306
2954
3262
3318
2878
3202
3250
3306
3382
3682
3570
3242
2378
3418
3194
2794
3258
2934
2774
3966
3314
3258
2326
3214
2822
3310
3218
2874
3222
3174
3250
3262
3154
2990
3246
3270
3230
2266
3670
2858
3274
2830
3674
3310
2902
3306
3270
2774
3266
3334
2954
3274
3298
2810
3238
3250
2966
2858
3506
3266
3190
3286
3286
2782
3626
3678
3262
3246
3658
3406
3306
2918
2782
3254
3230
3310
3718
3018
3238
3270
2522
3698
3222
3262
2346
3282
3454
2818
3898
3182
3706
3022
3182
3366
3266
3230
3278
12602
3462
2766
3294
3314
3538
2790
3382
3334
2846
3750
3238
2854
3306
3282
3266
3290
3486
3254
2782
3458
3302
3290
3242
3682
3014
3302
2970
3286
2774
3170
3234
3306
2946
3206
2822
2714
2758
3290
3038
3334
3266
3278
2922
3346
2998
3290
2806
3674
5654
3210
2978
3258
3030
3258
3282
3254
2970
3674
3286
3270
2826
3310
3242
3374
3354
3166
2502
3210
3466
3450
2934
3298
3282
3522
2538
3182
3214
2970
3250
3238
2330
3314
2854
3374
3006
3410
3366
2734
3258
2818
3286
3170
3282
2774
3562
3214
3146
3286
3282
3226
2870
3678
2922
3682
3294
2678
3150
3302
3266
3498
3302
3334
2902
2786
3238
3294
3286
2806
3254
2862
2074
3274
2370
2726
3210
3230
2538
3266
3178
2950
3354
3350
3458
3574
3214
3242
3046
2702
3238
3306
3462
3270
3702
3462
3234
3234
2350
3174
2990
3338
2806
3242
3238
3262
3282
3318
2746
2778
2870
2786
3458
3330
3310
2842
3278
3234
2478
3222
3342
3206
3274
3366
3314
3298
3358
3258
2326
3318
3302
14730
3158
2802
2302
2906
2922
3650
3710
2794
2494
3246
3678
2842
3422
3698
3406
3534
2702
2982
3210
3178
3286
2818
2794
3182
2450
16762
3322
3258
2886
3490
2378
2834
3322
3134
2802
3354
3234
3286
3262
3302
3718
3210
2486
3274
3294
3306
2826
3258
2426
3310
3270
2726
3306
3250
2906
3306
3346
2910
3310
2910
3266
3406
3238
3278
3302
2854
3246
3286
3282
2882
3354
3166
2866
2546
3202
3250
2970
2786
3002
3302
2338
2742
3206
3290
2534
2846
3182
3270
3670
2378
3466
3610
2958
2834
3446
3298
3274
2862
3158
2586
2278
3178
3174
2990
2962
3262
2794
2490
2754
3230
2714
2810
3174
2982
3278
3210
3254
3302
3286
3290
3254
3254
3230
3194
3230
3002
3198
3218
2806
3666
16626
2766
3202
3242
3230
2342
3314
2774
3490
3246
3578
2358
3334
3450
2970
2786
3170
3234
2730
3366
3422
3230
3346
3026
3274
3062
2910
2346
3354
3258
3354
3482
3326
3018
2790
2486
2806
3226
3242
3278
3474
3274
2746
3230
3734
3246
3318
2978
3290
3718
3438
2346
3250
3322
3346
3566
3310
2626
3434
2726
3274
3254
3450
2966
3346
3482
2886
2762
3270
3318
3282
3298
3310
3298
3098
3642
3262
3190
3190
3274
2714
3474
3290
3286
3234
2962
2746
3286
3126
3366
2994
3246
3370
3374
3046
3354
3366
3230
2326
3094
3238
2414
2802
3282
3210
2282
3322
3022
3274
2746
2810
2826
3302
3166
2810
3410
3158
2834
3262
2810
3190
3242
3326
3370
3214
3210
3298
2354
2858
3278
3278
3258
3246
3270
3302
3318
3334
3250
3658
2710
3254
3290
2946
2762
3718
3410
3310
2986
3246
2774
3302
3166
3166
2942
2698
3158
3250
3282
2890
2878
3282
2806
3390
3298
3766
3442
3266
2846
3286
3722
3382
3662
2310
3218
3226
3330
3278
2786
2906
3398
3274
2762
2782
3242
3706
3250
3282
2734
3270
2782
2754
2822
3250
3238
3218
2786
3538
2906
2810
2898
3270
2790
3306
3450
2802
3298
3218
2930
3198
3234
3730
3214
3158
3290
3438
3230
3170
3290
2962
3218
3298
3262
2754
3950
2926
3606
2966
3670
2942
3198
3258
3294
3678
2998
2646
2886
3290
3174
2818
3214
3238
3278
2786
3338
3254
2766
3674
2798
3278
3346
2790
3150
3246
3262
2606
3402
3010
3290
2954
3046
3314
3250
3298
3254
4002
3330
2882
3730
3318
3078
3586
3406
3270
3334
3318
3654
3166
3262
2806
5246
3222
3290
2974
2902
3234
3270
3090
3670
3466
3418
3226
3654
3242
3322
3730
3618
3658
2326
2770
2794
2966
2634
2974
3662
2990
3390
2770
2878
2918
3706
2814
3234
3326
3298
3678
3302
3318
3226
3290
3390
3142
3174
3282
2302
3262
2798
3258
2966
2454
3262
3234
3262
3278
3234
3242
3014
2822
2742
3234
2770
2818
3266
3266
3254
3282
3166
3510
3206
3222
2962
3250
3490
3242
3302
3354
3266
3334
2782
2954
3310
3298
3262
2342
2398
3318
3710
2770
3202
3758
3294
3302
3990
3018
3210
3270
3342
2838
3266
3198
3498
3506
2814
3310
3274
3346
2982
2970
3242
3254
3226
3430
2782
3418
2310
2206
2938
3182
3342
3182
2938
2966
3194
3210
3246
3174
3454
3438
3282
3658
3734
2778
3310
2794
3198
2274
2986
3266
3254
3214
2930
3034
3274
2762
3242
3362
3262
3274
3382
3354
2266
2898
3258
3490
3354
3026
3374
2850
2802
2502
3230
3286
3106
2802
3214
3758
3242
3670
2934
3242
3206
2906
2810
3246
3206
2250
2814
3318
3646
2754
3754
3274
3278
3282
2942
3222
3290
3318
2930
3310
2878
2778
3178
2822
2562
2986
2806
3030
3374
3666
3342
3422
3230
2890
3350
4078
3222
3250
3398
3038
3234
2934
3222
3202
2902
14650
3314
3334
3702
3302
3206
3182
3190
3026
2998
3270
3282
2750
2350
3714
3250
2366
3298
2730
3270
3246
3314
2866
3002
2810
3554
3490
2346
3690
3250
2586
2786
2770
3226
3606
3286
2890
2782
2946
2902
3646
2886
3290
3238
3326
3018
3334
2878
2922
3010
2802
2806
3214
3206
2994
3218
3662
3166
3302
2778
3218
3230
3226
2882
2350
3246
2934
3066
3006
3218
2722
3118
3246
3330
3262
3030
3274
3442
2938
3594
3306
2458
3198
2998
3522
3674
3242
2954
3158
3050
3654
3582
3226
3258
2802
3998
2438
2770
2946
3286
3302
2770
2762
3238
3314
3258
3226
2298
3046
3390
3658
2730
3278
3226
2954
3278
3202
3262
2790
3298
3282
2802
3458
3142
3678
2762
3182
3398
3406
3270
3314
3302
2906
3214
2694
3530
2442
2970
3282
3778
2982
3262
2482
3158
3066
3230
3226
2798
3290
3230
2278
3282
3670
3182
3186
2994
3250
3214
3250
3318
3214
3206
3242
3250
3014
3234
3274
2746
3158
3154
3270
3686
3322
2954
2998
3282
3234
2782
3046
3302
3266
3346
3222
3434
3334
2798
2818
3250
2926
3178
3222
3202
3226
2298
3138
3230
2778
3214
3158
3246
3230
2738
3246
3306
2806
3710
3218
2946
3298
3226
3286
3162
3522
3462
3278
3246
3666
3234
2778
3262
2910
2946
2802
3338
2302
3230
2650
3286
2258
3258
3322
3246
3310
3250
2786
2918
3674
3130
3310
3282
2878
2770
2390
3158
3258
3298
2954
3150
3238
3230
2446
2926
3206
3086
3238
3190
3250
2794
2710
3662
2774
3150
3274
13194
3714
2790
3450
3310
3474
3242
3238
3738
3246
3478
3166
3202
3174
3238
2254
3686
3242
3446
2302
3630
2182
3134
2786
2706
2366
3238
3646
2254
3254
2874
3422
3194
2482
3082
2910
3162
3322
3602
3262
3210
3118
3518
3170
3322
3346
2810
3658
2766
2946
3182
3406
3158
3258
3758
3178
3094
2802
2950
2838
3626
3302
3270
2030
2730
3230
3194
3270
3258
3226
2314
3210
3014
2922
3254
3074
3826
3230
2918
2942
3182
3398
2686
3218
2762
3234
3434
3126
3274
3202
3246
3146
3146
3258
3146
3794
2866
2810
2310
2922
2758
2526
3210
14774
3186
2774
3258
3330
3302
3682
3150
2402
3166
3226
3202
2934
3206
2722
2962
3994
3250
2738
3234
3630
2294
3134
3234
2826
2782
3218
3250
2822
2662
3266
3246
3242
3398
3198
3290
2870
3030
3266
3198
3266
2782
3286
3658
3222
2902
2962
3450
2954
3574
2002
3234
3302
2774
2974
2250
2834
3198
3254
3366
2682
3250
3426
2274
2742
2814
3462
3114
2978
2834
3178
2794
2910
2790
2778
2906
2894
3198
2274
3682
2426
3074
2982
3722
3222
3242
3330
2766
3166
3158
2798
2886
3242
2346
3466
3682
3418
3214
2278
3218
3366
2286
2946
2742
2962
3490
3278
3206
3302
3282
3186
3334
2770
2682
2966
3450
3662
3110
2250
3234
3254
3274
3690
2818
3214
3214
3290
3234
2822
3270
2774
3262
3226
3342
3238
3198
2350
2842
2942
3182
3962
3682
3198
3186
3386
3114
3198
3018
2446
3218
3138
2858
3290
2774
3246
3010
2926
3450
3718
2814
3702
3250
3254
3314
3466
3266
3282
3238
2314
3274
3278
3142
3226
2874
3290
3434
2934
3418
2906
2814
2922
3114
3698
3210
3258
2914
2974
2802
2866
2458
2882
3138
3214
3386
2722
3658
3202
2754
3322
3258
2822
2862
3414
3190
3262
3234
3306
2762
3402
2814
3258
3202
3678
2846
3230
3246
3186
3210
2450
3302
3186
2706
2926
3238
3262
2662
3622
3354
2734
3282
3210
2774
3322
3298
3214
3254
3382
3198
3342
3262
3286
2818
3402
2774
3226
3410
3226
3242
3002
3242
2302
3266
2722
3266
3206
3166
3350
3694
2470
3118
3266
3210
2970
2870
3238
3114
2866
3274
3138
3222
2802
3242
3210
3306
3502
3170
3422
3198
3222
3298
3194
3190
2782
3170
3222
2994
3274
3262
3710
3178
2514
3226
3678
2750
2754
2910
3254
3198
3210
3246
3282
3186
3258
2278
3214
3158
3382
3214
3110
3242
3238
3246
2770
3198
3234
2970
3158
3670
3406
2802
3234
2954
3158
3934
3354
2802
3230
3250
3122
3278
3214
2318
3226
2738
3250
3262
3294
3218
3314
3210
3650
2974
3402
2294
3246
2742
3158
3258
3166
3206
3418
3230
2162
3194
3410
3210
3674
3258
3250
3230
3234
3114
2962
3126
3218
2458
2982
2902
2966
3270
3250
3178
3702
3330
3250
3438
3150
3218
3246
2962
3234
3542
3446
3338
3198
3182
3226
2286
2806
2850
3214
3342
3530
2390
3250
3686
3690
3190
3062
2758
3302
2782
2930
2874
3698
2862
3314
3654
3306
3050
3226
3202
2950
3258
3206
2726
3238
3446
2990
3582
2926
3302
3734
3682
3210
3202
2758
3458
3226
2946
3266
3414
2818
2774
3106
3650
2978
2714
3218
3282
3726
3238
2718
3190
3550
2930
3210
3406
2786
3182
3182
3254
3278
3242
2718
2794
2910
3198
3186
2958
3238
3274
3374
2750
3166
3686
2922
3342
3294
3198
3190
2910
2822
2974
2806
3286
2910
2986
2762
3214
14862
3234
3242
2754
2414
3134
3334
2942
2926
3270
3254
3314
3182
3274
3454
2878
3614
3158
2746
3314
3666
2322
3270
3206
3298
3614
3166
3526
3294
3670
3234
3266
3682
3258
3562
2754
3246
3638
3186
3474
2750
2250
3294
2990
3642
3226
3226
2822
2734
3250
3726
2270
3346
3090
3234
3190
3254
3010
3694
3234
3806
3394
2782
2734
2970
2758
2246
2970
3182
3234
2950
3318
3646
2434
3286
3198
3578
3202
3302
3246
3430
3418
2894
3674
2770
3322
3230
3142
3014
3174
2790
2738
3210
3286
3818
2810
3302
3242
2326
3238
3258
3322
3258
2782
2778
3214
3162
3070
3250
3258
3118
2346
3134
3082
3222
3282
3730
3174
3734
2838
3686
3190
2482
2922
3174
3070
3114
2310
3166
3226
2274
2906
3398
3270
3198
3490
2522
3654
2282
2794
3194
3294
3218
3302
3030
2482
3702
3278
3358
2918
3402
3190
3646
3294
3234
2770
2850
3258
3158
3258
3058
3430
2786
3170
3442
2262
3258
2798
3182
3302
3258
3666
3210
2822
3310
2850
3346
3218
3198
3234
3690
3282
3278
3342
3670
2610
3390
3446
3310
3266
3498
3238
3290
14646
3234
3266
3266
3650
3010
3178
3290
3126
2778
2818
3426
3298
3674
3262
3210
2866
3170
2486
3282
3254
3946
3210
3198
3234
3118
3162
3462
3238
3374
3662
3206
2746
3218
3398
3246
3238
2490
3678
2742
3290
3138
2754
2914
3202
3222
2946
2750
3258
3102
2794
2850
2266
3002
3270
3262
3466
3194
2282
3658
3218
3178
2786
3230
2798
2918
3242
2510
3210
2774
2982
2902
3242
3222
3262
2942
2822
3262
3130
3170
3458
3166
2910
2446
2778
3202
3650
3178
3286
3302
3122
3234
3314
2782
3198
3186
2910
2786
3254
3670
3446
14666
3674
3326
3246
3470
2794
2306
2914
3562
2994
2910
3670
3174
3222
3206
3226
3262
2298
3298
3206
3230
2910
3226
2938
3234
3554
2738
3174
2754
3370
3162
3666
2770
3166
3374
3274
2798
3258
3338
3442
2982
3210
3222
3250
2726
2962
3218
3490
3218
3266
2734
3650
3278
3166
3350
3138
3186
2850
2838
3302
2846
1994
3562
2954
2862
2970
3238
3206
2734
2674
2454
3238
2994
2866
3186
3210
2726
3234
3226
3814
2738
2978
2758
3242
3354
3458
3230
3370
3306
3166
3330
3302
3242
3250
3390
3250
3234
2334
3650
3222
3222
3286
2750
3606
2806
2726
3326
3214
3238
3142
3358
2946
3378
3206
3274
3250
2310
2782
3622
3246
3230
3226
3154
3334
3186
3782
3414
2766
3218
3202
3254
3262
3258
3314
3286
3278
3254
3234
3222
2282
3314
3126
3202
3322
3286
3818
3278
3114
3482
3334
3670
2782
3270
3282
3318
3674
3318
3662
3154
3250
2898
3166
2778
3254
2802
3166
3450
3206
2902
3158
2130
2342
2758
3638
3490
3206
2814
3590
3010
2810
2778
3302
2586
2958
2902
2726
2942
2338
2706
3698
2974
3282
2754
3742
3510
3302
3278
3114
3270
3082
3706
3218
3442
2962
3122
3070
3190
3114
2790
2926
3150
3230
2694
2898
3230
3346
2774
3222
3138
3294
2802
2802
2690
3262
3262
2962
2890
2742
3174
3190
3062
3246
3306
2282
3250
3018
3278
3234
2666
3282
2322
3186
2926
3110
3030
2598
3242
3202
2794
3254
2774
2942
3534
3346
2942
3178
2934
2822
3226
2926
3630
2986
3186
3274
3366
3470
3242
3150
3282
2738
3450
3330
2882
2802
3138
3134
3418
3138
2698
2890
3182
15038
3290
2346
3270
3254
3134
3094
3506
3170
3354
2926
3258
3638
3262
2926
3234
3294
2718
3258
3534
3230
3210
3194
3686
3262
3314
3234
3370
3242
3386
3234
3278
3282
2926
3334
3282
3678
2502
3266
3242
3278
3318
2430
3414
2962
3214
3290
3198
2782
2834
2798
2762
2798
2554
2318
2758
2442
3486
3298
3250
2950
3234
2306
2790
3162
2870
3682
2770
2946
3342
3206
3278
3998
3270
2938
3570
2750
3806
2782
3446
3270
2286
2750
3450
3722
3274
2722
3190
3306
3654
3294
3262
3122
3318
3730
2322
3222
3006
3278
3262
3246
3446
3526
3290
3586
2998
3422
3186
3306
3226
2830
3226
3122
3174
2990
2762
3246
2786
2798
3318
3242
2298
3206
3414
3218
3150
3310
2798
3342
3166
3322
3194
3198
3362
2354
3126
3282
3342
2938
3910
3354
2354
3326
3170
3354
2934
3246
3190
3178
3302
2926
2818
3222
3398
3214
3242
2742
3902
3250
3366
3274
2746
3254
2950
3222
3642
10930
3222
3350
2694
3694
2510
3518
3506
3662
3194
3258
3286
3258
2370
3122
2350
3346
3222
3250
3258
3274
3406
3274
3426
2694
2954
3194
3646
3146
2890
3334
3302
3678
3274
3246
3282
3238
3426
3290
3434
3706
3038
3350
3306
3298
2754
3334
2310
3186
3502
3290
3474
3270
3214
3222
2442
2774
3314
2738
3298
3418
3246
2990
3230
2786
3686
2798
3310
2798
3650
3178
3190
3250
3414
2442
3254
3282
3214
3374
3042
3258
3010
3102
3274
3242
2950
3138
3410
3454
3318
3234
3642
3274
3202
2250
3162
3478
3698
3302
2714
3222
3230
2770
2794
2770
3226
3298
2974
3298
3262
3546
3226
2730
2974
3274
3230
3182
3626
2766
2346
3594
2822
3250
3186
3130
3314
2290
2742
3334
3450
3454
2778
2918
2834
2778
3706
3162
2430
3254
3294
3258
3238
3198
3234
3146
3282
2986
2794
2914
3298
2802
2566
3262
3198
2994
3278
2974
3190
3182
3250
2802
2338
14674
3290
3246
2710
2850
3626
2906
3538
3670
3238
3278
3134
2914
3338
3482
2750
3274
3682
2834
3302
3238
3342
3198
2878
2338
3010
2802
2826
3282
3670
3294
2826
2766
2866
3186
2334
3690
3242
3334
3758
3690
3226
3326
2298
3254
3202
2778
3106
2974
3258
3734
3230
2434
3290
3258
3274
3682
3274
3274
3454
3238
3498
3210
2822
3238
2898
2898
3670
3442
2910
2850
3218
3234
3246
3286
2986
2922
3282
3242
3346
3134
2830
3374
3262
3294
3246
3210
3278
2938
3298
3242
3162
2774
3466
3002
2802
3278
3154
3150
3142
2882
3850
3330
3222
2478
2870
3318
3322
3218
2890
2882
3750
3554
3154
3238
3670
3242
2262
3014
2786
2810
16566
3250
3358
2862
2490
2690
3342
2790
3186
3454
3186
3198
3246
2858
3230
3290
3750
3386
3146
3178
3654
2750
2770
2474
2746
2894
3298
3410
3258
2362
3206
3222
2898
3114
2850
3194
3366
2990
3114
2954
3054
3202
3302
2794
2494
3282
3226
2918
2742
3130
3238
2814
3406
2902
2854
3422
3258
3298
3326
3270
3218
3222
2366
2922
3330
3226
2394
2310
3218
3190
3142
3298
3174
2490
2958
3106
3334
2750
3146
2802
2538
3266
3226
3254
3266
2818
3214
2874
2786
3158
3658
3210
3234
2938
3678
3258
3278
3298
3282
3014
3226
3686
2390
2774
3202
3062
3170
3318
2398
3250
2962
3678
3406
2798
3326
3226
3938
3610
2766
3294
3266
3454
3158
3242
3214
3246
2730
3022
3258
2854
3658
3242
3550
3838
3286
3290
2738
3270
3238
2846
3694
3350
3462
2382
3310
3234
3238
3198
3270
3542
3322
2782
3666
3342
3202
3430
3554
2746
3402
3238
3278
2802
3438
2802
3198
3190
2342
3306
3226
3242
3658
2778
3258
3302
3386
2826
2994
3246
2762
2962
2346
2642
2766
2962
2278
3174
3246
2786
3458
3282
3074
2766
2878
2930
3266
3102
3206
3158
2786
2382
3406
3386
3250
3402
2306
3246
3422
3302
3278
2782
3266
3362
3202
2782
3294
2502
3274
2850
3682
3786
3314
2702
2794
3198
3298
2570
3146
3258
2762
3318
2798
2326
3446
3262
3146
2870
3234
3322
3670
3278
2770
3274
3246
3218
3222
2938
2350
3274
3322
3258
3118
3254
3274
3170
2546
3302
3170
2726
2986
2758
2806
3162
3982
3678
2742
2926
3210
3346
3162
3294
3370
2794
3274
3238
3258
2714
2486
3142
2754
2306
3010
3702
2698
2834
2930
3242
3226
3338
2978
3606
2730
2970
2874
3674
3390
3438
3594
3198
3190
2770
3694
3258
3366
3238
2630
2510
3174
2782
3226
2818
3302
3230
3338
2950
2894
2962
3710
3702
3258
3022
3142
3174
2434
3762
2506
3126
2754
3746
3026
2818
3210
3942
3162
3338
3274
2806
2782
2790
3446
2742
3298
2754
3838
2782
3174
2778
3230
3358
3242
3662
3218
2918
3542
3742
3214
3234
3442
2750
2694
3154
2982
3278
3410
3294
3354
3290
3250
3306
3222
3262
2850
3202
3642
3266
2790
3278
3638
3582
3146
2910
3146
3030
2946
3722
3182
3274
3654
3306
2794
3234
2838
3242
3662
2886
3162
3354
3246
3190
3330
2734
3022
3250
3262
3266
2786
2890
3122
2690
3150
3266
2654
3278
3214
2458
3674
2998
3674
3250
3226
3162
3190
3434
2762
3238
3310
3282
2726
3210
3250
2526
2870
3274
3178
3230
2722
3222
3694
2558
3114
2730
2750
3358
3210
2286
2794
2946
3354
3278
2938
2830
3230
3302
2918
3250
2946
3262
3230
2402
2282
3302
3142
3426
3210
2482
3242
3606
3214
2946
3318
2306
3214
2962
3226
3242
3186
3270
12822
3258
3206
3634
2754
2850
3318
2770
2330
3278
3478
3262
3230
3214
2798
3210
3238
3210
3246
3254
3218
2738
3154
3770
3278
3414
3174
3274
3246
3138
3410
3330
2198
2786
3246
2790
2286
3278
2766
3254
3326
2806
2994
3202
2814
3178
3202
2714
3402
2950
3234
3278
3278
3230
3190
3642
3670
3166
3162
3450
2878
3262
3378
3682
3142
3190
3222
3154
3150
2882
3306
3638
3218
2930
3270
3434
2822
3218
3270
3298
2494
3258
2806
2766
3274
3270
2502
2870
2910
3218
2838
3418
3274
3218
3374
2746
2766
2694
2766
2798
2790
3222
2946
3026
3266
3026
3230
3574
2898
2734
3790
2706
3246
3254
3226
2782
2270
2278
2758
2998
3270
2746
2902
3234
3334
3202
2302
3254
3222
3186
3218
3170
3270
3190
2990
3234
3214
3150
3262
3310
3242
3410
2954
3250
3210
3550
3270
3674
3302
3242
3246
3194
3238
2754
2930
3466
3286
3190
2782
3262
2790
2270
2298
2774
3246
2802
3282
3322
3190
3378
2750
3278
3250
3198
2770
3686
3226
2718
2378
3398
2902
3490
3050
2906
3642
3242
2846
3630
2686
3246
3126
2794
3166
2930
2806
3154
3374
3218
2806
3206
2746
2766
3790
3294
3250
2754
3482
3314
3294
3238
3222
3210
3242
3250
3110
3270
2742
3118
3658
3290
2902
3222
3214
2834
2790
3354
3222
2770
3322
3274
2762
2810
3326
2902
3250
3690
2726
2726
3182
3278
2966
2710
3386
2430
3234
3266
2938
3650
2238
3358
3714
2838
2310
3206
3262
2754
3330
2342
3366
3662
2882
2754
3018
3230
2954
3222
2906
3274
3270
3226
3250
3226
3274
2766
3206
3214
3654
2806
2790
3006
3718
3266
2918
3858
3206
3414
3230
3718
2758
3178
2258
3018
2778
2994
3322
2450
3222
3678
2782
3210
3226
3226
3222
3258
3286
3222
3106
3246
3030
3254
2738
2538
3674
3442
3254
3394
3274
2682
3238
3194
3374
3258
3218
2962
3050
2970
3290
2898
3294
2910
3238
3326
3314
3222
3270
3230
3038
3050
3274
3270
3142
3170
3302
2826
3414
3658
3238
3622
3218
3166
3306
3378
3330
3270
3238
2446
3210
2766
2730
3150
2730
3254
2746
2758
3210
3246
2818
2266
3174
3646
3190
3150
3354
3238
3574
2850
3234
3258
3186
3258
3214
3010
3134
3298
3258
3270
2242
3374
3306
3194
3214
3330
2934
3354
3202
2474
3230
4258
3202
3422
3218
2770
3438
2910
3306
3418
3222
3346
3262
2734
3430
3506
3262
3070
3134
3282
2714
3174
2914
2978
2722
3234
3350
3274
3346
3346
3282
2926
2286
2866
3230
3258
3214
3106
2762
3214
3654
2386
2754
3270
3238
2282
2926
2522
3174
2638
3234
3218
3286
3166
3590
2498
2758
2766
2946
18358
3242
3246
3346
2962
2790
2958
3662
3454
3746
3430
3222
3006
2790
2738
2730
3666
3442
2942
2754
3258
2926
2978
3142
2726
2722
2954
3390
3302
3238
2910
3294
2918
3662
3170
3238
2294
2874
2518
2746
3170
3162
3278
3226
2718
3142
3218
3594
3262
3238
2630
3238
3222
3454
3218
2806
3258
3282
3214
3262
3254
2798
2318
3258
3226
3298
2910
2806
3218
3650
3290
3226
2754
2778
2782
3458
2358
3026
3170
2810
3122
3178
2786
3274
2470
2950
3374
3382
3250
3254
2298
3194
2830
2750
3282
3314
3270
3198
3822
3230
3314
3226
3246
3234
2806
3654
3338
2702
3262
3254
3178
2766
3234
2982
3346
3458
2530
3070
2834
3306
3178
3230
3330
2358
3030
2686
2586
3150
3346
3234
3378
2278
2206
3118
2726
2426
2870
3318
3430
3306
3178
3702
2962
3270
3418
3654
3690
3698
3342
3646
2738
3182
2950
3690
2730
3206
3118
3278
3230
3022
2518
3238
3154
3278
2786
3298
2930
2982
3098
3166
3682
3666
3250
3662
3262
2722
3018
2498
3162
2494
2938
2714
3206
2930
3254
3238
3286
2494
2718
3222
2750
2382
2350
3222
2730
3314
3214
3474
3266
2814
3202
3354
3214
3414
3326
3670
3158
2754
2826
3274
3218
2822
3190
3246
16174
2070
3670
2366
2794
3202
2766
3274
3242
2818
3242
2766
3178
3262
3002
3170
3254
3270
3246
3682
3274
3342
3438
3306
3210
3678
2846
2810
2998
3602
2814
2758
2858
2654
3674
3166
3234
3266
3286
2710
2766
3242
3670
3290
2542
3646
3174
3394
2846
2778
2986
3226
3230
2794
3258
2966
3258
3670
3178
3090
2342
3194
2822
3022
3134
3414
3738
2790
2962
2330
2790
3194
3238
3290
3122
3250
2794
2754
3382
3322
2742
3206
3318
3658
2350
3142
2990
3294
3330
2866
3166
2742
3278
3346
2914
3634
3194
3198
14806
3226
3186
3270
2350
3114
3298
2922
3258
3374
3226
3222
3166
2826
3226
3294
3234
3250
2914
2770
3278
3314
2858
3302
2906
2810
3186
3354
3006
3294
3246
3302
3302
3578
3214
2770
3702
3234
3698
3386
3026
3378
2882
3334
3222
3082
2806
3242
3230
3162
3430
3234
3150
3214
2442
3278
3378
3190
3918
3250
2814
3282
3266
2854
3258
3214
3262
2826
3246
3186
3034
3358
2986
3178
2326
3402
3570
2958
2786
3482
3374
2950
3254
3162
3998
3166
2766
3254
2962
2950
3698
2774
3294
3690
3750
3202
3298
3150
3206
3166
3130
3430
3442
3246
2946
3142
3190
3262
3266
3286
3246
3258
2742
3322
2810
3226
3282
3206
3594
2774
3118
3274
2826
3158
3454
3238
2806
2926
2366
3434
2782
2418
2786
3218
3270
2790
3314
3482
2558
3222
3158
2458
2714
2378
3214
3226
2514
3650
2706
3142
3194
3258
3570
2970
3278
3358
3298
3678
3310
3222
3286
2910
3350
3178
2890
3182
2498
3254
3774
3242
3258
3194
3254
3006
3358
3238
3262
1998
3062
2774
3354
3290
3278
3294
3230
2770
3138
3306
2982
3342
3294
3394
3154
2794
3262
2782
3194
2486
2954
3338
2854
3462
3454
3274
3254
3034
3274
3694
3246
2914
3234
3270
3698
3342
3194
3314
3230
3266
3306
2950
3134
2786
3178
2902
3234
2790
3282
3278
3694
2978
3202
3242
2750
3290
3222
3270
2270
2886
3402
3206
3206
2838
3794
2790
3226
3306
3246
2810
3142
2942
3702
3206
3250
3182
3282
2818
3358
3306
18578
3354
3318
2670
3522
2770
3286
3978
3162
3254
2746
3178
3234
3230
3294
3834
3414
3446
2806
3350
2770
3266
2830
2218
3022
3094
2990
3226
2966
3494
2362
3266
3238
2402
3034
3274
3622
3646
3254
3250
3690
3226
3222
3278
3262
3222
3238
2954
3022
3430
2298
3250
3566
2774
3006
2970
3290
3322
3322
2322
2878
3470
3194
3182
3402
2242
2802
3266
3694
2286
2922
3658
3222
3182
3702
3194
3238
2662
2298
3258
2470
2786
2774
3042
3290
2994
3202
2770
3390
3470
2978
3666
3502
3246
3258
3178
2426
3282
3282
3410
3242
2746
3274
3634
4154
3286
3270
3282
2910
2966
3274
3142
2494
3630
2310
2886
3278
3250
3250
2278
3158
3002
3670
3702
2922
2886
3246
3282
3238
2818
2834
3434
3310
3278
3190
2766
2802
2858
2966
3234
3202
3226
3246
3202
3270
3170
3354
2802
2798
3230
3326
2882
3274
3170
3614
2930
3002
3370
3158
2902
2950
3234
2786
2922
3330
2798
3250
2854
2666
3514
3402
3230
2326
3286
3434
3310
2890
3278
3414
3142
2762
3246
3274
2810
3290
2846
3286
2274
3274
3298
3202
2754
3662
3222
3278
3302
3454
3478
3414
3230
2970
2990
3230
2818
2982
2962
3346
3246
18530
3222
3778
2850
3254
3182
2282
3310
3242
2786
2790
3374
3362
2950
3278
3162
3258
2830
3202
2826
3430
2978
3242
3674
3002
3266
2774
3246
3270
2986
2738
3242
2942
3694
3690
2982
3302
3310
16362
3714
3230
3962
3246
2786
3250
3678
3178
3514
2710
2346
2926
2870
3330
13630
3706
2758
2826
3934
3230
3286
2786
2806
3122
2782
2154
3146
3654
3394
3190
2966
3174
3326
3218
3246
2498
3250
3262
3270
3690
3242
2774
3214
3030
3146
3174
3178
2490
3222
3226
3210
3306
3598
2942
3326
3282
2990
3298
3922
3270
2962
3226
3058
3198
3210
3346
2910
2986
2790
3250
3274
3446
2270
2902
2866
2470
3274
3210
2810
3210
2770
3146
2806
3390
3290
2922
3362
3578
2818
2638
3142
3282
2774
3314
2762
2794
2978
3254
2726
3446
3338
3250
2906
3230
2962
3254
3222
18346
3242
2834
3966
3362
3278
3242
2794
2926
3254
2738
3738
3286
2518
2782
3170
3442
2830
3278
3250
2790
3254
3270
3166
3266
3306
2886
3762
3694
2790
3322
3266
3222
3038
3266
3222
2698
2474
3014
3782
3310
3658
3254
3426
3266
2914
3230
3190
3214
3338
3290
3310
3226
3382
3218
3182
2994
2906
2770
3382
2774
3150
3206
3266
2850
3258
3246
3230
3290
2614
3266
3018
3342
3258
3522
3262
3298
3266
2910
3470
3314
3662
3490
3662
3358
3282
3262
3142
3170
3426
3262
3690
2442
3262
2298
2726
3306
2802
3250
2394
2934
3282
3250
3186
3270
3310
2766
3226
3298
2806
3326
2810
3366
3198
3282
3474
2734
3362
3222
3354
3286
3154
2838
3458
3514
3034
3182
2786
3270
3246
3318
3194
3222
3286
3486
3194
3238
3290
3406
2794
3302
3294
14530
3266
3278
3310
3474
3318
3242
2678
2914
3254
18422
2926
3370
3302
3234
3142
2926
2750
3562
3286
3278
2354
3518
2782
3178
3218
3218
2510
3686
3374
3310
3082
3210
3434
2870
3302
3350
2926
3194
2962
3418
2922
2822
2998
2334
3950
3262
3170
3270
2834
2950
3406
3406
3438
3090
3202
3222
3214
2430
3214
3290
3318
3282
3326
2810
3278
2982
3182
3158
3302
3298
2950
3110
2930
3438
3226
3382
3690
3526
3230
2318
3270
3290
3242
3282
3702
3398
2958
2794
3226
2802
2394
3150
3342
3338
3162
3222
2342
3550
3354
2882
3222
3150
3306
3266
2298
3022
3210
3234
3142
3750
2310
3350
2902
3218
3454
3250
2278
3286
2354
3466
3274
3014
3238
2778
2826
2870
2810
3270
3250
3318
2918
3270
3258
3678
2782
2354
3494
3286
3174
3258
3314
2722
2770
3246
3214
2762
3438
3666
2774
2986
3434
3982
2754
2530
3266
3246
3262
2434
3274
3174
3378
2402
3362
3810
3218
3002
3274
3214
3278
3294
2870
3234
3274
3270
3666
3010
3266
3162
2298
3658
3346
3238
3310
2766
3186
3874
2798
2790
3266
2634
3286
3198
3242
3266
3410
3318
2746
3686
3158
2910
3186
3054
2822
3234
2822
3318
3682
2882
2786
2958
3046
2730
2750
3422
3630
3226
3582
2770
3466
3114
3362
3154
3918
3462
3094
2782
2494
3250
2746
2810
3310
3706
2314
2298
2998
3290
2794
2970
3302
3218
3694
3270
3302
2278
2898
3198
3022
3226
3182
3258
3282
2974
2290
3234
3178
3302
2878
3010
3682
3270
2754
3262
3274
3370
3446
3058
3306
3230
3166
3270
3250
3274
3678
3650
2274
2790
3366
3298
3258
2510
3514
3318
3174
3658
3450
2990
3202
3174
3242
2866
2830
3302
3238
2810
3278
3426
3242
2798
3138
3170
3210
2850
3366
3218
2978
3218
2858
3330
3318
3730
3166
3194
3002
2986
3250
3270
3750
3258
3266
3214
3390
3694
3186
3286
3450
2706
2978
3194
3274
3250
3262
3174
3206
3274
3206
3702
3290
2934
2814
3194
3522
3022
2322
2830
2774
3054
3146
2802
3226
3186
3374
2938
3286
3238
2790
3270
3302
2986
3218
3430
3690
3254
3298
3346
3726
3478
3270
3246
3746
2738
3250
3238
3426
3230
3230
2822
3242
2818
2718
3350
3234
3290
2266
3266
2818
3246
3278
3294
3166
3466
3362
3238
3246
3230
3250
3182
3718
3566
3274
3238
3166
3226
3234
3198
2326
3166
3030
3258
3330
2326
2982
2322
3190
3294
3270
3254
3206
3274
2982
3046
3218
2806
3262
2914
3294
2358
2786
3446
3018
3722
3282
3350
3470
3658
2710
3234
3334
3230
3170
3226
3170
3010
3330
3594
3250
3274
3222
2778
2738
2778
3426
3258
3234
2770
3286
3050
2766
3346
2786
2930
2786
3298
2506
3026
3238
3782
3226
3238
2298
3138
2770
3262
2990
2962
2750
2958
3242
2942
3290
2786
3286
3270
3290
3254
2298
3502
3294
3394
2982
3198
3458
2786
3458
3706
2618
3590
2990
3346
3158
3206
3342
2742
3414
2830
3302
2994
3262
2818
3330
3226
2774
3718
2982
3342
3286
2774
3010
2322
3854
3342
2810
3474
2618
3254
3222
3386
3658
3030
3178
3226
3202
3242
3202
3014
3154
3482
2814
3226
3270
3226
2778
3662
2930
2642
3158
2338
3278
3570
3006
3182
3394
4190
3262
2802
3734
3426
3234
3274
2966
3330
3146
2802
2994
3270
3198
3370
3246
3286
3550
2934
3410
3290
3270
2954
3254
3210
2702
3198
3422
3278
2930
3174
3210
3166
2906
2786
3246
3642
3234
3250
3222
3354
2942
3254
3262
3286
3078
3326
3242
2546
3294
3162
2522
3230
2322
3294
3278
3430
2274
2954
3326
3354
2770
3254
14654
2934
2870
2510
3274
3286
3274
3194
3154
3166
3522
3254
3158
3302
2366
3274
3226
3246
3210
3246
3234
3178
2870
3394
3274
3178
3458
2742
3218
2786
2890
3158
2382
3250
3318
2962
3290
2826
3378
2802
2790
3262
3230
2982
3258
3710
3170
2994
3258
2750
2826
2326
3174
2926
3186
3374
2826
3294
2342
3710
3210
3214
3262
3218
2714
3686
3470
2994
3310
3466
3646
3186
3950
3398
2930
3386
3002
3418
3230
2990
3290
3658
3342
3214
3274
2942
3706
3362
3246
3302
2706
2402
2750
2774
2550
2794
2862
3742
2046
3302
2802
2282
3182
3310
2346
2310
16382
3154
2734
2974
2750
3286
3314
3330
3218
3474
3330
3370
3318
3142
2998
3170
2946
2870
3302
3226
2658
3458
3414
3454
3590
3282
3266
3302
2770
3278
3878
3338
3358
2482
3250
2794
3210
3094
2606
2822
3242
2982
3246
3474
2902
3406
3274
3002
3226
3222
3234
3294
3306
3454
2318
3282
3222
3322
3686
2990
3226
3242
2802
3254
2938
3334
3258
3266
3238
3162
3874
3254
3226
3246
3138
3654
3298
3390
2530
3238
3226
2898
3298
3230
2842
3142
3006
2974
2314
3302
3330
3290
3302
2834
2786
3430
3306
2938
3646
3326
3294
3226
2778
3430
3278
3262
2882
3166
3206
3250
2474
3318
3146
3430
2482
2486
3130
3458
3246
3314
3234
3254
3294
3342
3334
2790
3282
3426
3666
2866
3190
3214
3270
3482
3214
3406
3190
3250
2730
2738
3154
3266
3106
3290
3130
3594
3146
12818
14506
2770
2814
3174
3234
2982
3234
3286
3306
3226
3246
2754
3230
2878
3190
3438
3142
2762
3234
3374
3226
3214
2966
2830
3274
3966
3254
3398
2766
3266
3566
2974
2750
2766
2874
3318
2938
2982
3266
3066
2734
2790
2562
3614
3270
3322
3198
3262
3474
3302
2902
3222
2806
3270
3194
3278
2778
3366
3306
3234
2894
3150
3022
3282
3210
3698
2866
3278
2282
3286
3218
2510
3254
3130
2858
3402
3278
3202
3250
3686
2962
3246
3190
3402
3354
3386
3222
3670
3234
2986
2710
3290
3430
2818
3026
3270
3698
2782
3082
2906
3658
2258
3218
3250
2422
3250
3246
3230
2882
3198
3198
3310
3134
3214
3254
3666
3250
2350
3422
3278
3230
3270
3602
2878
2314
3166
3242
3454
3390
16534
2838
3434
3434
2978
3122
3438
3670
3462
3306
3246
2786
2898
3642
3494
3178
3258
3210
3250
3214
3290
3278
3246
2854
3210
3146
3306
3318
3462
3430
3394
3170
2694
3246
3274
2754
3178
3330
3234
2822
3310
3258
3210
3246
3510
3046
2922
3306
3246
2698
2774
2778
2938
2246
3034
2210
3014
3194
2870
3150
3254
3302
3202
3286
2770
2318
3382
2990
2822
2978
2994
3234
2702
2926
2750
2782
3002
2726
2758
2762
3234
2918
3214
2562
3486
3226
3210
3230
2858
3502
3206
2370
3298
3302
3226
3242
2786
3194
3166
3234
2878
3314
3154
3318
3490
2826
2942
3234
3258
3406
2658
3214
3294
2874
3598
3262
3406
3282
3426
2762
3670
3222
3174
2918
3722
3170
2982
3230
3382
3018
2962
3670
14658
2258
3510
3230
3242
3282
3158
3254
2870
3398
3226
2526
3290
3574
3254
3190
3266
3250
2930
3278
3270
2966
3230
3346
3186
2674
3490
3418
3186
3270
3186
3178
3226
3358
3442
3230
3166
2730
3294
3198
3146
3242
3246
3294
2842
2786
3310
3426
3238
3218
3486
3310
2818
2786
3242
3334
3294
3274
2382
3254
3174
3446
3238
3358
2790
3238
3054
3146
3286
3526
2778
3250
3294
3330
3290
2814
2270
3174
3026
2766
2822
3138
3218
18630
3162
2350
2358
3210
3350
3182
3182
3794
3318
2834
3398
3242
3642
2526
3662
3430
2498
2966
3494
3438
3274
3246
3234
2822
3266
3222
2934
3354
3274
3482
3338
3370
2482
3258
3342
3222
3246
3698
2830
3182
3150
2454
3186
3158
3470
3290
2818
3310
3702
3218
2286
2990
3282
3334
3206
14682
3670
3170
3294
3262
3302
3174
3242
3674
3010
3330
3154
3322
3662
3290
3694
3174
3334
2298
3270
3162
3022
3266
2962
3298
2838
2950
3742
3286
14694
3266
3258
3290
3162
3182
3306
3310
3274
3366
3242
3170
3274
3330
3678
2938
2510
3274
3466
3350
3302
2838
2466
3870
2958
3258
2682
2306
3206
3350
2286
3262
3250
3650
2974
3330
3210
3706
3434
3186
3310
3270
3322
3230
3930
2462
3722
3694
3258
3278
3398
3270
2346
2950
3466
3350
2954
3350
3722
3214
2770
3234
3326
3274
3254
3178
3342
3246
2818
3442
3162
3298
3182
3150
3354
2426
2966
3038
3226
3246
2306
3230
3190
3194
3230
3158
3210
3226
3334
3306
3198
3458
2774
3350
3274
3270
2786
3158
2834
3446
3302
3270
3254
3026
3254
3206
3294
3266
3270
18870
2966
3006
2878
2510
3190
3274
3226
2442
3278
3326
3422
2906
2922
3158
3274
3294
3230
3634
3282
3142
3106
3266
3166
3310
3242
2834
2986
3294
3190
3350
3486
3294
3402
3254
3154
3018
3458
3674
3042
2838
2498
3238
3274
3242
3186
18786
2306
3230
3426
3246
3262
3162
3226
2262
3674
3190
2998
3350
3262
2518
3298
3226
3226
3218
3214
3306
3458
3238
2402
3006
2790
2330
2414
3382
3318
3298
3614
3690
3298
2722
3710
3066
3878
2542
2814
2902
3274
2790
14942
3754
3650
3270
3166
14762
3258
2470
3354
3302
2706
3242
3266
3282
2814
3262
3298
3266
3278
2802
2906
3794
3410
3218
3238
3286
3314
3242
3310
3170
3138
2790
2790
3298
2834
2710
2938
3266
3238
3306
3334
2970
2226
3154
3666
3266
3682
2834
3386
3302
3342
3230
3262
3702
3250
3230
3658
3286
2718
3458
18834
3462
2814
2958
3370
2318
3146
3250
2958
3654
3010
3298
2714
14658
2986
2946
3262
3266
3262
3278
2390
2806
3450
2974
2326
2770
2942
3334
2906
2754
3246
3250
3298
3230
3306
2854
3266
3286
3254
2962
2870
3234
3426
2642
2790
2710
3342
3006
3378
3178
3670
3866
2854
3430
3250
3310
3474
2774
3202
3262
2846
3210
3262
2258
3242
3674
2978
2818
2938
2942
2906
3030
3554
2790
3346
2738
3706
3686
3166
3014
3230
2954
3234
3710
2766
3350
3386
3282
2586
3306
3146
3306
3658
2954
2790
2986
3294
3722
3298
2714
2298
3274
3282
3434
3322
3214
3294
2986
3614
2786
3454
3322
2814
2798
3186
2278
3290
2946
3366
3382
3210
3294
3414
3434
3246
3270
3266
3450
3642
3226
3278
3462
3290
2802
3158
2222
2882
2922
3366
2678
3298
3242
3154
3066
2842
3346
3290
3310
3350
2826
2862
3258
3350
3582
3770
2846
3282
3294
2814
2994
3282
3670
3250
2994
2854
3210
2746
3382
3254
3346
3694
2550
2786
3322
3218
3262
3218
2946
3302
2886
3234
3238
3206
3686
3286
2914
2950
3382
2294
3222
3346
3678
2786
3274
2902
3194
2938
3258
3198
3462
3022
2722
2310
3274
3422
3182
3262
3166
2930
3218
2990
3262
3074
3334
3250
3274
3302
2994
3482
3426
3162
3274
3218
3202
3158
3230
3198
3266
3306
3178
2982
3214
3366
16602
3286
3282
2934
3326
3282
3234
3226
2786
2774
3298
2854
3238
3030
2778
2334
3254
3302
2578
2262
2854
3350
3226
3378
2794
3342
2674
3322
3146
3178
3022
3330
3706
3470
3222
3270
2970
3402
3290
3382
2938
3750
3158
3242
2506
3250
3498
3242
3278
2954
3298
3158
3194
3270
2834
3334
3310
2890
2682
3274
3282
3654
3038
2878
2834
3230
3250
3214
3106
3210
3670
3246
3190
3342
3262
3286
3250
3278
3146
2782
3402
3250
3230
2930
2906
2790
3438
2774
2746
3338
3222
3274
2966
3402
2614
3202
3470
2874
3426
3274
3710
3262
2986
3654
3166
3338
3442
3190
3762
3254
3374
3314
3234
3258
3370
3174
3174
16546
3254
3242
3246
3022
2770
2918
3150
3282
3242
3290
3414
3598
2270
3126
3290
2754
2962
3698
2762
3410
3254
2618
3238
3314
3338
3294
2962
3226
3366
3214
3234
3242
3230
3282
3450
3662
3194
2770
2794
2274
2758
3158
3266
2238
3274
3270
3154
3266
2970
3426
3218
2798
3702
3146
3206
2742
2890
3482
3454
3482
3190
3430
3454
3258
3386
3238
3274
2926
3686
2838
3238
3242
3258
3222
3238
3322
2414
3246
3506
3262
2370
3430
2414
2958
3342
3218
3258
2762
3294
3162
2794
2822
2770
3258
2770
3546
2954
3462
3138
3294
2902
3150
3638
3494
3218
3338
3022
3234
3654
3278
2814
2806
3938
2794
2262
3282
3190
3154
2350
3194
3994
3286
3242
2978
3290
3290
3274
3242
3150
2790
2782
3682
2634
2494
3358
3278
3346
3666
2898
3230
3678
3182
3202
3342
2954
2778
2778
3266
3278
3154
2950
2814
3394
3366
2898
3278
3426
3166
3162
3686
3250
3266
2886
3278
2962
3310
3394
2386
2766
2294
2882
3662
3306
3194
2734
3426
3226
3706
3202
2750
2478
3206
2882
3190
3146
3046
3238
2738
2938
3242
3310
3270
3226
2742
3146
3254
2366
3242
2790
2762
3530
3370
2686
3014
2786
3142
3134
3322
3290
3330
3194
3170
2718
3854
2798
2754
2826
2982
3230
3314
3286
3226
2790
3258
3526
2794
2938
2866
3286
3222
3242
3678
3822
3338
2722
3250
3238
3358
3382
3290
3294
3666
2950
3434
3246
3246
3858
2290
2926
3214
2770
3134
3298
2798
3278
3210
3142
2874
3654
3194
3310
2766
2954
3270
3274
3246
3382
2970
2914
3166
3222
3258
3378
3226
3202
2998
2790
2782
2750
3274
3334
3442
2954
3666
3410
3310
3234
2706
3134
2818
3006
3650
3318
3246
2354
3210
2966
3210
2318
2322
2026
3270
3234
3230
2750
3206
2858
3354
3242
3322
3254
2258
2946
3326
3314
3342
2902
3154
2758
2742
3450
3154
3426
3282
2110
3278
3518
3202
3286
2742
2810
3226
2998
3446
3726
3294
3246
3162
3886
3694
3006
2930
3142
3218
3170
2834
2774
2322
2966
2898
3222
3210
3198
3266
2918
3250
2770
3278
3250
2738
3278
3218
3254
2890
2794
2338
3654
2894
3254
3706
14526
2530
3670
3226
3274
3654
3230
2806
3146
3426
3302
3254
3326
2970
3218
2770
3182
3238
3290
2290
3142
3942
2786
2298
3898
3330
3642
3622
3290
3254
2974
2942
3254
3182
3662
3174
3342
3182
2738
3274
3382
3238
3398
3154
3130
3246
3210
3142
3654
3194
3222
2762
2898
2926
16630
2350
2794
2958
3286
3390
3290
2330
2798
2926
2850
3414
3298
2838
3678
3214
3238
3318
2298
3278
3146
3210
2810
3186
3258
2678
3154
2950
3270
2990
3658
3282
2298
3230
2518
2546
3250
3306
3330
2762
2490
3206
3250
2490
3186
3358
3234
3266
3226
3390
2766
3318
2742
3190
2722
3662
3238
3490
3254
3202
2370
3254
2934
3298
2886
3266
3286
2478
3258
2858
3054
3170
2994
2782
2842
2614
3298
3130
2310
2978
2734
3002
3254
3174
3290
3390
2838
2934
3466
3238
3278
2862
2902
3298
3282
3170
3682
3202
3162
2782
2870
2890
3238
3466
2690
3234
2374
2282
2778
3246
3302
3470
2822
2962
2966
2782
3234
2838
3154
3310
3370
2986
3662
3610
3670
3374
2562
3682
3254
3234
2974
3258
3266
3274
3134
3206
3214
3342
3258
3262
3442
3202
2918
3198
2798
3282
3278
3410
3318
3370
3642
3482
2862
3294
3178
3218
2454
2626
3302
3354
3242
3262
3274
3246
2934
2378
3034
3410
3146
2278
2850
3266
2522
3230
2714
3190
3134
3258
3206
2302
3286
3034
3502
3278
2754
3198
3106
2954
3202
2946
3134
3226
3178
2958
3202
3234
3262
2682
3186
3442
3318
3146
3298
2982
3226
3234
2790
3294
3166
3598
3330
3242
3830
3142
3226
3266
3398
2838
3246
2726
2858
2990
3298
3218
3286
3310
3286
2918
3598
2478
3254
3126
3254
3206
3318
3294
3230
3158
2822
3526
3262
3670
3390
2766
3010
2706
2878
3246
2806
2714
2234
18566
3694
3478
3262
3042
3310
2994
3278
2690
2426
3394
3274
3282
3666
3334
2810
3370
3254
2718
3386
3666
3214
3278
3250
3214
2918
3226
2442
3006
3262
3258
2726
3194
2910
3650
2958
3298
3234
3758
3238
2766
3474
3410
2634
3302
3294
3222
3338
3250
3282
2746
3222
3246
3654
3230
2914
3214
3306
3462
3234
3322
3258
2822
3250
3458
3242
3122
2922
3138
3218
3198
3366
2970
3350
2978
3270
3158
3102
3710
2826
3242
3654
3234
3170
3142
3290
2490
3262
3298
3222
3354
3386
3262
3298
3294
3242
2450
2862
3054
3238
3282
2910
2798
3258
3294
2318
3418
3166
3374
2314
3194
3298
3654
3018
3158
2918
3242
2938
2782
2942
3270
3190
2942
3486
2786
3222
2794
3026
3274
3230
2806
3218
2762
3218
2794
3354
2534
3686
3206
3302
3274
18674
3666
3210
3250
3286
3226
2762
3142
3270
2922
2810
2906
2762
3414
3430
2966
3338
3214
3302
3418
3214
3306
2974
3158
2738
3614
3230
3202
3234
3218
2274
3234
3250
3150
3254
3426
3398
3246
3650
3210
3050
2542
3246
3254
3214
3214
2522
3278
3150
2786
3238
3266
3390
3278
3206
3262
3234
3170
3262
3014
2278
3646
2926
2710
3226
2770
3318
3226
3142
3310
2954
3362
3134
3202
3682
3254
3166
3190
2282
3530
3214
3214
3258
2910
3190
3098
3254
3126
3222
3642
2494
3254
2334
2790
3278
3246
3230
3230
3690
3246
3370
3274
3230
3218
2846
18546
3298
3318
2786
2794
3414
3206
3170
2830
2438
3218
3318
3198
2954
3138
2778
18858
3274
3246
2722
3482
3622
3198
3162
3262
3694
2742
2762
3278
2986
3254
3298
2726
2906
16490
3682
3198
3250
3686
2746
2798
3366
2258
2742
3942
2654
2786
3414
3278
3718
3346
2754
3238
3346
3258
2370
2930
3190
3290
3118
2974
2782
2786
3234
2766
3382
2998
3226
3282
3706
3294
3190
3158
2458
3242
3234
3270
2310
2838
3230
3194
3838
3246
2710
3258
2342
2734
3158
3246
3762
3278
2922
3290
2490
3278
3298
3330
2842
2758
2938
3118
2882
2790
3794
3442
2962
3262
2910
2942
3182
2762
2998
3222
3278
3390
2886
2918
3246
3290
3254
3242
3254
3262
3662
3262
2766
3134
2978
3250
3090
3690
3262
2838
3214
3666
3222
3410
2878
3266
2810
3218
3238
2754
3662
3314
2746
3246
3246
3034
2782
3218
3274
2850
3286
3526
3186
3250
2802
3410
3666
3246
2238
2358
3198
2998
3306
2858
2898
2298
3278
3322
2906
3258
3182
3234
2374
2410
2954
3186
2886
2934
2798
2458
3438
2778
2742
3190
3250
2446
3102
3254
3230
2774
3658
3238
2522
3182
2910
2494
3698
3658
2826
3242
3482
3134
3250
3322
2478
3166
2722
3250
2862
3018
3266
2858
3198
3498
2382
2750
3414
2834
3190
3334
3402
2850
2974
3202
3034
2734
2894
2706
3150
3222
3098
3654
3250
2766
3166
2782
3254
2510
3658
2450
2482
3658
3222
3122
3398
3210
3246
3138
3298
3434
3366
3166
2694
2806
2890
3602
3170
2826
2766
3210
2730
2370
3202
3270
3582
3574
3246
2742
3006
2770
3222
2734
3170
2758
3218
3550
2750
3390
2322
2774
3250
2294
3514
2942
3750
3234
2750
3238
3982
2786
3266
3222
3146
3166
2838
3302
3150
3178
2766
3458
2778
2818
3294
3334
3266
2810
3290
3270
2482
3254
3082
2710
3282
3594
3190
3318
2298
2986
3314
3374
2842
3278
3230
3238
2286
3266
3202
2830
3274
3238
3514
3170
3270
3262
3298
3274
2694
2754
3078
3310
2774
3238
2958
3098
3306
2274
3350
3246
3270
3218
2762
3142
2834
3478
3494
3206
3158
3286
3270
3446
3594
3446
3222
3234
2790
2966
2866
3178
3258
3250
3694
2958
3258
3150
2866
2914
2430
3254
3290
2798
3218
3250
3242
2774
2786
3222
3206
3430
3270
3238
3158
2786
2846
2274
3206
3258
3018
3422
3306
3166
3170
2258
3110
2822
3430
3298
2722
3078
3222
2286
2486
2758
3270
3474
3206
2778
3286
3214
3282
2718
2958
2770
3642
3286
3178
2770
2294
3346
3250
3354
3222
3190
3306
2774
2758
3474
3282
3278
3398
2882
2338
3262
2738
3342
3350
3210
2514
3626
3298
3234
3258
3702
3238
3186
3150
3134
3382
3214
2950
3186
2822
2842
2530
14830
3434
2962
3246
3210
2886
3258
3266
3390
3186
3466
3706
3278
3014
3334
3098
3282
3274
2822
3230
3334
2746
3382
2810
3234
3242
3190
3442
3210
2346
2318
2658
3666
2810
3274
3402
2878
3242
3314
3226
3462
3166
3142
3366
3402
3402
3386
3342
3262
3334
3638
2750
3242
2798
3662
2782
3650
3698
2786
3222
3282
3138
2814
2986
2846
3638
3210
3242
3550
3286
2794
3666
3270
3670
3210
3286
2950
3274
3234
2950
3230
2834
3570
3246
3334
2786
3110
3294
2766
18490
3234
3326
3678
3302
2802
3278
3282
3582
2806
3466
18390
3718
3254
3302
3282
3754
3146
3082
2870
3294
16446
3658
3270
3266
3254
3254
3390
3166
2270
3266
3270
3658
3514
2778
3246
3274
2830
3770
3254
3474
2318
3286
3274
3334
3466
3290
14674
3734
2854
3322
2790
3390
2930
2730
2910
3262
2786
3426
3318
3422
2810
2822
2438
3898
3198
3226
3222
3294
3234
3246
3254
2290
3282
3254
2510
3306
3258
3290
2846
2346
3242
3034
3282
2998
3198
3238
3218
2790
3246
3202
3174
3174
3322
2778
3374
2778
3250
2910
3214
3250
2534
2814
2350
2786
3410
3114
3234
2874
3258
3570
2822
3682
3222
3238
2506
2806
2978
2898
3430
2786
3226
2782
2894
3710
2574
3286
3194
2854
2922
3334
16442
3234
2842
2974
3282
3274
3274
3270
3270
3194
3322
3318
3290
3406
3130
2958
3350
2298
2822
3326
3250
3426
3106
2282
3358
3214
2798
3262
3150
3310
3210
3222
3270
2802
3294
2762
2282
2746
2762
2950
2838
3290
3950
3346
2762
3334
2922
2970
2278
3306
2546
3490
3234
3258
2942
3694
2994
3274
3294
2850
2702
2774
3274
2954
3530
2610
3162
3266
3162
2798
3206
3278
3570
2986
2374
3206
3266
2538
3310
3354
3258
3238
2934
2786
3294
3298
3682
3102
3166
3270
3350
3186
3490
3318
2782
2902
3234
3134
3274
3242
3266
3154
3458
3250
3298
2942
3238
2798
2738
3526
3250
2946
3238
3322
3378
3302
3162
3238
3026
2306
3678
3282
3242
3174
2758
2866
3326
3294
2678
3298
3298
3434
3230
3230
3290
3678
3158
3154
3350
2966
2982
3170
2810
2802
3262
3662
3326
3230
3290
2894
3254
3214
2922
2930
2770
2930
3230
3354
3266
3162
2854
2802
2850
3410
3246
3394
3246
2934
3154
3274
3026
3294
3230
3250
2802
2706
2926
2938
3254
3258
3246
2302
2934
3266
3238
3218
3062
3234
2822
3106
3254
3418
3598
3274
3738
2762
3302
2870
3226
2282
3246
3878
2810
3278
3078
3230
2674
3270
2846
2702
3290
3278
2866
2794
3022
2350
3270
2766
3034
3266
3130
2790
2818
3234
2774
2902
3398
3298
3198
3210
2738
3254
3662
3606
3238
3010
3334
2782
2898
3258
3230
3094
2790
2858
3458
2766
3302
2886
2866
3470
2822
3282
3278
3270
3222
2966
3174
2738
3250
3346
2810
2866
3422
3110
3298
2962
3594
3258
3386
2850
2390
2974
3634
2782
3250
3242
3278
2946
3618
3222
2910
3326
2770
3282
3566
2730
2846
2774
3258
3170
3302
3186
3194
2566
3390
2786
2518
2302
3286
3442
3478
3570
2918
3226
2910
3286
3402
3346
3258
2822
3250
3258
3366
3438
3250
3334
2990
3210
3682
3110
2778
2530
2730
3678
3222
2762
2794
3386
2766
3350
2978
3322
3374
3458
2938
2782
3282
3270
2906
3346
3642
3166
3354
3258
2830
3406
2974
3194
3706
3394
2842
3274
3422
3034
3342
3038
3214
3174
3082
2294
3250
2786
3218
3226
3334
2750
3230
2562
2782
3410
3262
2890
3334
3250
3390
3254
2814
3018
3218
3182
3258
3246
2798
3238
3078
3158
2750
3174
3414
2858
3266
3450
3254
3442
3250
3422
3158
2838
3286
3278
3410
3598
3770
3326
3210
3726
3254
3478
3570
3330
3086
3294
3278
2762
2838
3354
2846
3662
3222
3266
2970
3258
2954
2822
2814
3262
3282
3250
2922
3458
3190
2766
2982
3246
3678
2978
2786
3274
3190
3226
3242
3294
3174
2938
3330
3286
3258
3254
3218
3146
3274
3182
3222
3218
3186
3022
3182
2966
3682
3354
2266
3674
2938
3294
2994
2758
3146
3238
2754
3382
2830
3230
3266
3198
2954
3246
3186
3250
3310
3206
3446
3262
3270
2350
3246
3330
3262
3770
2778
3334
2802
3330
3994
2986
2310
3238
3274
2658
2822
3254
3198
3286
2942
3234
3242
3102
2954
3242
2934
3294
3262
3434
2858
2918
2806
3266
3306
3394
3226
3326
3270
3286
3258
2810
3298
2874
3582
3242
3382
2822
3418
3658
2966
3258
3266
3278
2770
3270
3774
3150
3394
2758
3262
3178
3218
3146
3434
3322
3478
3266
2774
2694
3270
2318
3370
3250
3314
3358
3798
2314
2882
3258
3710
2782
3226
3690
3246
3342
2850
3278
3418
3522
3314
3182
3682
3242
2926
3274
3454
3178
3406
3466
3238
2786
3270
2990
3234
3626
3466
3266
3274
3014
2802
3526
3294
3234
3254
3290
2846
3298
2390
3286
3390
2954
3722
3166
3210
3398
2862
3282
3670
3218
3290
3250
3298
3162
3226
3166
3702
3374
3302
3294
3278
2814
3458
3254
3266
3314
3266
2794
3754
3286
3290
3238
3246
3298
3226
3258
2782
3314
2790
3122
3390
3254
2926
3234
3266
3202
3262
2866
16326
3094
3294
3338
3730
3158
3146
3266
3266
2458
3246
3102
3274
3162
2782
3466
2838
3258
3306
3374
3158
3210
2798
3170
2958
3386
3158
3306
3270
2746
3474
2922
3582
2818
3354
3166
3270
3682
3166
2950
3250
2562
3238
2918
3254
2814
3058
2786
3354
2898
3254
3246
3342
3238
2754
2834
3450
3482
3258
3246
3326
3286
2754
3410
3174
2922
3014
3810
2946
3246
3022
3198
3194
3294
3206
2306
2878
3294
3302
3398
2826
3322
2922
2982
3294
2982
2906
3290
3298
3162
3318
3310
3226
3330
3142
3238
3034
3310
3334
3210
3326
3290
3162
2946
3230
2842
3322
3350
2742
3282
3646
3214
3362
18422
2794
3162
2926
3238
3274
3278
2710
3250
3186
3266
2350
3214
2790
3266
3158
3082
3306
2802
3246
2786
3534
3402
3262
3250
2394
2798
2370
3306
2950
3670
3090
3282
3234
3002
3238
3246
3326
3026
3166
2778
2794
2962
3286
3278
3030
2786
2906
3218
3298
3266
3430
3282
3206
3390
2890
3378
3242
3146
2834
3846
3690
3354
3230
3234
3214
3222
2954
2826
2982
2286
3270
3218
2858
3706
3270
3698
3694
3450
3246
3690
2342
3746
3674
2758
2906
3318
3234
3214
3174
2326
2842
3694
2834
3202
2966
3006
3486
3390
3206
3278
3074
3702
3330
3234
3266
3138
2874
3326
3466
3190
3670
3778
3218
3286
3242
2750
3302
3174
3350
3726
3282
3450
3250
2974
2806
3254
3446
3686
3270
3314
3394
2946
3134
3302
3334
3254
3242
2926
3162
2834
3282
3190
3294
3262
2942
3682
2314
3258
2950
3222
3482
2886
2874
3030
3654
2978
3810
3362
2758
3450
2758
3214
3450
3230
3022
2802
2978
3178
2838
3258
2926
3266
3174
3306
3202
3290
3374
3310
2846
3486
2986
2986
3230
3286
2846
3198
3630
3246
2958
3206
3046
3250
3018
3278
3402
2306
3294
3282
3286
2542
2978
3226
3818
2290
3310
3278
3182
3626
3698
2902
3430
3258
3374
2794
2970
3474
3046
3338
3186
3326
2802
3254
3234
3226
2282
3250
3202
3470
2926
2722
3442
3282
2566
3270
3710
3378
3222
2818
3230
3302
2802
3194
3698
3310
3346
3262
3274
3390
3430
3230
3734
2730
3170
3178
3438
3490
3242
3246
2838
3302
3210
2830
3674
2822
3210
3334
2966
3278
3226
3678
3250
3374
2302
3670
2554
2814
3222
2346
2794
2758
2922
3682
3202
2786
3466
3002
3222
3302
3306
3450
3226
2934
2806
2766
2490
3290
3366
2718
2858
3118
3822
3694
3710
2998
3290
3486
3186
3862
3482
3298
3354
3186
2762
2318
3198
2806
3278
2738
3310
3326
3150
3318
3418
3322
3318
3670
3242
2846
3154
2946
3590
3310
3518
3578
3194
2798
3386
18478
3282
2682
2694
3314
3214
3306
2934
3226
3470
3302
3286
3238
3350
2990
3210
3366
3266
3238
3318
3246
3266
2422
2618
3346
3266
3414
3310
3306
3730
3330
3378
2806
2798
2930
3362
2898
3342
3410
3274
2814
3266
3278
3282
3178
3234
3198
3194
3022
3742
3306
3162
3254
2838
2774
3246
3682
3702
2330
3194
3302
3262
2362
3278
3582
3342
3010
2758
3266
3314
2294
2994
3314
2994
3582
3278
3474
3698
3754
3206
2822
3378
2318
2866
3470
2906
3350
3178
3298
2826
2818
3398
3254
3242
3690
3694
2354
2290
3258
3290
3110
3230
3166
3438
2762
3334
3162
2898
2838
3238
3526
3190
3230
3370
3290
3234
3162
3286
2846
2790
3842
2802
2730
3302
3246
3234
3322
3246
3534
3438
2910
3630
3442
2770
3282
3266
3134
2866
3486
3306
3282
3342
3326
3234
2810
3722
2818
3238
2762
3302
3246
2794
3282
3290
2818
2918
3674
2806
2370
2822
3386
2338
2978
2526
3234
3490
3286
3302
3270
3142
3982
14702
3302
3314
3166
3282
2494
3674
3298
3478
3042
3258
2262
3282
2458
3174
2766
3306
3274
2922
2558
3274
3442
3126
3302
3298
2842
3290
3178
3162
3482
2510
2954
3266
3166
3246
3214
3270
3626
3478
3154
3682
2350
2754
3286
3234
3226
2642
3254
3650
2574
3234
3002
3138
2278
18786
3350
3306
3262
3298
3194
3286
3738
2842
2298
3222
3234
3018
3294
3254
3386
3694
3242
3466
3222
2918
2834
3342
3310
3778
2882
3286
3314
3238
2434
2422
2330
2946
3174
2958
3398
3254
3318
3302
3230
3194
2754
3274
3262
3290
3222
2822
3274
2934
3166
2966
3390
2770
3022
2962
3066
3446
3282
2858
3290
3286
3302
3274
2814
3270
3290
3254
3346
3298
3294
2782
3230
3242
2854
3278
3478
2814
3250
3262
3258
3278
3246
2750
3230
3430
2806
3450
3226
3318
3166
3206
3282
3294
2662
3446
3398
3258
2834
3314
3318
3270
3282
2758
2798
3006
3262
3682
2518
3450
2962
3254
3322
2314
3290
2878
3018
2758
3226
3262
3454
3342
3246
3238
3238
2782
2298
3198
3270
3294
2954
2782
2330
3322
3270
2902
3418
3170
3306
3282
2766
3466
2778
3682
2470
2742
2714
3254
3270
3110
3474
3382
3210
2342
3694
3306
3194
2758
2734
3394
3534
3262
2826
3314
3346
3274
2790
2990
3182
3206
3226
2782
3290
3658
3262
3202
3294
3338
3726
2814
3034
2806
2310
3546
3262
2270
3294
3286
2982
3362
3310
2754
3106
3294
2834
3218
3710
2846
2790
2934
3226
3346
3662
3762
3318
3034
3706
3502
3626
3334
2886
2782
3238
3234
2894
2934
3702
3282
2786
2798
3214
2966
3218
3034
2502
2330
2946
3014
3238
3278
3166
2782
3310
2810
3198
3254
3190
3250
3254
3690
2814
3422
3258
3326
2778
2810
3258
3166
3314
3694
2742
3198
2274
3234
3670
3366
3314
2746
3230
2730
3030
3322
3354
2806
3278
3210
3022
3502
3342
3702
3302
3402
3242
3254
3270
3250
3378
3318
2818
2986
3246
3334
3058
2782
3294
2978
3290
3114
2426
3358
2958
3318
3266
2822
2794
3702
3218
3278
3526
3242
2802
3266
3294
3330
3322
3166
3318
2786
2938
2718
2766
2930
3166
3442
2534
3386
2966
3826
2754
3294
3734
2438
3314
3362
3266
3178
3258
2826
2778
3254
2730
3346
2802
3498
2890
3470
3034
2818
3242
3250
2358
3318
3302
3566
3702
3246
3678
3274
3190
3426
3414
2930
3250
2798
3018
3226
3230
3194
3270
3162
3174
3282
3282
3334
2822
2782
2350
3266
3726
3198
3754
2874
3282
3534
3210
3286
3270
3666
3254
2962
3350
3310
3474
2282
2822
3234
2950
3046
3274
3298
3346
3290
3278
3530
3670
3246
3030
3386
3226
3258
3242
2542
3242
2846
3434
3322
2786
3586
3362
3222
2802
3230
3254
3178
3394
3330
2962
2518
3298
2910
2970
2802
3162
3318
3278
3122
2794
3178
3282
3242
2842
3582
3002
3290
3262
3238
3294
2918
2346
2274
2834
3686
3682
3406
3222
3254
3482
3302
3250
3182
3418
3030
3338
3198
3354
3270
3050
3174
3358
3194
3018
3758
3270
3310
3342
2330
2758
3322
3302
3714
3286
3242
3210
2850
3330
3026
3666
3270
3186
3294
2774
2778
3434
3322
3254
3234
3262
3354
3230
3346
2962
2898
2874
3310
3290
2966
3026
3242
3506
2386
2538
3254
3246
3246
3398
3290
3002
3274
2930
3234
3246
3350
3158
3262
3230
3326
2374
2294
2954
3258
3718
3222
3550
3222
2774
3274
2378
3670
3542
3178
2882
3282
3318
2890
2750
3214
3178
2778
3190
2354
2842
2842
2734
3102
3258
3686
3334
2834
3426
3698
3282
3734
3250
3266
3282
2890
2738
2822
3690
3266
2582
3710
3422
3458
2838
13278
3666
2822
3302
3350
3190
2810
3498
2954
2794
3314
3222
3234
3310
3322
3282
3262
3294
3494
3286
2770
3254
3350
3226
3298
3494
3186
2862
3318
2962
3310
3006
3354
3350
3394
3246
2570
3430
3326
2518
2870
3270
2778
3310
3322
3154
2814
3314
3382
3590
2814
2922
3722
3270
2778
2794
3226
3254
3342
3718
3150
3318
3478
2946
2910
2822
3010
2950
2498
3186
3242
3494
3454
2782
3798
3270
2374
3258
2342
2822
3390
3510
3258
3278
3298
3242
3330
2886
3266
3282
3218
2786
3330
3122
3290
3274
3170
3046
3710
3342
2958
3370
3430
3058
3714
3030
3290
3394
3330
3338
3250
3266
2534
3330
2966
3746
3358
2894
3290
2782
3002
2794
3246
3290
3314
2842
2998
3258
3698
3158
3382
3306
2874
2934
3254
3234
3062
3518
3438
3246
2994
3318
3338
3234
3266
2926
2750
3278
2802
3230
3698
3290
3278
3026
2882
3610
2990
3330
2834
3414
3338
3258
2830
2998
2994
3250
3058
3262
3418
2970
3250
3262
3394
3294
2970
2782
3294
3326
3282
3190
3674
3010
2518
2522
3342
2930
2802
2822
2318
3706
3006
3542
2758
3774
2338
3274
2966
3146
3462
2854
3318
3086
3462
3282
2534
2702
3334
3334
3282
3310
3010
2830
3406
3254
3378
3366
3366
2322
3270
2778
3258
2326
3194
2530
3342
3490
2342
3250
3250
3290
3370
3182
2938
3274
3754
3170
3278
2774
3278
3182
3318
3262
3250
3306
2990
3214
3030
2898
3502
3290
3254
2802
3298
3194
3318
3206
2810
3630
3330
2302
3282
3306
3290
3242
2906
2642
3270
3222
2942
2978
2930
3162
3638
3774
3278
3286
3722
3250
3430
3306
3250
3110
2930
3170
2918
3314
3262
3250
3274
3058
3306
2790
3030
2338
3278
3338
3298
3302
3282
3314
2850
3362
3542
2802
2994
3262
2502
3330
2838
3822
2838
3238
3414
2318
3282
3726
3290
2922
2922
3310
3194
3354
3286
3274
2502
3314
2786
2358
3194
2766
2686
3394
3250
3078
3178
3774
2650
3386
3310
3394
2470
2794
3126
3286
3214
2982
3454
3382
3282
3302
3326
3246
3674
3294
3526
3766
3686
2294
3122
3754
2498
2998
3090
3194
3202
2954
3406
3210
3522
3270
3242
3182
4014
3258
3230
3374
3262
2906
2898
3326
3254
3238
3290
2962
2978
2854
3394
2338
2962
3690
3250
3310
3322
3254
3470
2474
3254
2566
3374
3526
3350
3270
2762
3282
3330
3274
3266
3322
2358
3278
2834
3230
3682
3222
3306
2934
3266
3258
3694
3514
2982
2802
3322
3218
3198
3302
3014
3138
3334
3258
2790
2974
3038
3038
3002
2806
3298
3246
2858
3262
3014
2882
3350
3278
3330
3442
3314
3726
3326
3242
3294
3362
3478
3278
2898
3246
2790
3158
3170
3294
3342
2814
3238
3238
3274
2082
3250
2374
3190
3298
3278
2742
3230
3290
3222
3490
3202
3906
2478
2970
3350
2886
2798
2330
3158
3302
3278
3826
2878
3354
3398
3298
2802
3314
3134
2770
3334
2798
3754
3258
3242
3710
3222
3214
3678
3278
3314
2986
3254
3234
3182
3250
14562
2846
3330
3298
13146
3314
2834
3290
3450
2958
3234
3034
3670
3286
3250
3486
2878
3378
3306
3738
2678
3318
3702
3318
3474
3166
3474
2458
3274
3366
3302
3238
2970
2782
3322
3670
3210
3378
3170
2966
3350
3694
3238
3506
3238
3014
3286
3194
3286
3286
2886
3778
3686
3322
3310
3290
3298
3298
2750
3246
3270
16646
3694
2970
3198
3286
3294
3318
3246
2770
3014
3654
3458
2994
2818
3250
3258
3378
3170
3682
3182
2950
3322
3322
2654
2978
3754
3302
3198
3230
3022
2754
2366
3330
3510
3242
2862
2766
3314
3394
3174
3258
3254
3362
3110
3290
3254
3278
2802
3478
3202
2838
3162
2810
3362
3266
3298
3258
3262
3334
3726
3290
3366
2838
3758
2994
3294
2998
3398
3298
3454
3214
2314
3158
3254
3330
3386
3202
3702
2942
2774
2990
3430
3186
3378
3634
3146
2846
3058
3270
3014
3718
3322
2762
3282
3254
2806
3330
2938
3442
2318
2818
3262
2782
3346
2922
3234
3270
3706
3294
3366
3722
3462
3070
3250
3282
2850
3706
3282
3306
3282
2826
3218
2350
2130
3178
3170
3526
3206
2806
3258
2890
2966
2918
3486
3322
3270
2986
2834
2906
3026
3350
2866
3218
3286
2810
2530
3738
2934
2806
2314
3294
3470
3378
3490
3302
2926
3698
3502
2298
3294
3298
3146
3022
3034
3166
2902
3326
3310
2770
2806
3226
3686
2894
3254
3698
3682
2962
3494
2830
3282
3154
3238
3234
3282
3166
2950
3238
3326
2814
2726
3374
3162
3702
3450
3234
3734
2302
3458
3702
2922
2810
12506
3470
3194
2830
3206
2606
2806
2914
3326
3362
3270
2770
14866
3702
3262
3278
3326
3166
3262
3226
3178
2750
3222
3286
3490
3302
2938
3922
2338
3430
3558
3186
3962
3290
3182
3078
3486
3286
3314
3278
2762
3714
3354
2806
3258
3366
3250
3162
3630
3302
3322
3286
2286
3234
3274
3254
2778
2718
3190
3294
2310
3886
3666
2814
3318
3330
3330
3298
3286
3430
3274
3342
3234
3262
18578
3502
3258
2786
3774
3394
3486
3274
2734
3246
3238
2546
3234
3282
3046
3342
2218
2802
2930
3306
3598
3282
3266
2858
2714
3702
3374
2810
3274
3338
2910
2322
3254
3278
2522
3370
2794
3294
2822
2958
16838
3330
2726
3698
3178
2802
2846
2810
2462
2230
3270
3306
3378
2834
3678
3246
3666
2970
3326
3686
2770
3306
3466
3642
3670
3250
3686
3014
2834
3454
3282
2562
2918
3010
3322
3698
3466
2794
3754
3282
3302
3346
2378
3298
3294
3198
2786
2806
3518
3302
2946
3286
2858
3462
3238
3434
3190
3270
3486
3306
3158
3322
3254
3018
3350
3306
3358
3246
3750
3310
2866
2998
3286
3710
2814
3306
3346
2782
3026
2766
2782
2954
3114
2826
3278
2802
2962
3026
2854
2782
3234
3250
3254
3394
2494
3814
3518
2762
3530
3214
2962
3306
3318
2330
3282
3310
12702
3298
3278
3662
3026
3474
3270
3006
2938
3234
2778
2542
3242
3270
2986
2818
3214
3038
3290
3662
3258
3710
2622
3342
3246
2790
3254
2962
2870
2814
3246
3286
3290
3082
3330
3326
3330
3242
2346
3286
2806
3250
3242
2918
3358
3350
3474
3662
3002
2854
2970
3330
3282
3234
2798
3270
2978
3458
3730
3294
2790
3238
2834
3518
2974
3046
2710
3058
3422
2938
3206
3670
2842
2842
3206
2790
2838
3330
2814
3542
2478
3298
3258
2902
3386
2830
2798
3314
3258
3386
3302
3238
2510
2566
3166
2782
3350
2750
3166
3226
2802
3454
3302
3190
3274
2950
2830
3686
2762
2798
2950
3418
3286
3366
3458
3318
2974
3374
2506
3342
3262
3334
3286
3254
2786
2806
3414
3342
3202
3194
3238
3186
3314
3282
2742
3286
3238
2330
3266
3758
2782
3386
2890
2334
3254
2614
3490
3006
3286
3382
3182
3166
3170
3274
3358
3102
2778
3282
3250
3286
3170
3222
2814
3478
2794
3258
3238
3294
2934
2986
3350
2822
3250
2754
3178
2778
3162
3670
3166
3634
2962
3134
3134
3758
2782
3454
3190
3218
3266
2506
2970
2486
3266
3022
3262
3522
3490
3390
2810
3330
2786
3162
3238
3278
3022
3198
2670
3214
3302
3242
2902
2990
3222
3278
3298
2822
3302
3290
2838
3766
3250
2370
3770
3030
2858
3326
3270
2802
3178
18758
3250
3302
2810
3202
3306
3210
2818
2822
3230
2806
3034
2806
3422
3302
2414
3310
3538
3302
3082
3466
3290
3274
2786
2826
3302
3170
3310
3522
3686
3166
3702
3670
3306
3274
3318
3666
2746
2798
3198
2814
3218
3578
3282
3282
2898
3162
3742
3246
3182
2806
3254
3702
2834
2330
3690
2782
3246
18118
3322
3278
2862
2510
3218
3302
3618
3290
2958
3266
3486
3262
2982
3262
3298
2818
3310
2898
2798
3402
2818
3166
3266
3030
3190
3654
2258
3250
2962
3310
3418
3290
2794
3158
2810
2338
2306
3702
3314
3250
3294
3234
3686
2378
2334
2814
3262
3318
3162
2990
3030
3246
2810
3394
3314
2786
3734
3498
3266
2814
2862
3334
2998
3266
3254
2274
2394
3302
14710
3326
3190
3162
3262
3338
3314
3266
3014
3218
3286
3750
3338
2834
2790
3006
3166
3242
2822
2318
3302
2750
2794
3278
2726
3746
3326
2950
3210
2750
2974
3286
3738
3274
2950
2826
3230
3234
3318
3330
3494
3298
3282
3258
3258
3498
3262
3242
3470
2362
3294
3286
2854
2918
3038
3342
3670
3210
3286
3374
3710
3310
3434
2798
2698
3294
3298
3282
3410
3302
3450
2982
3246
3374
3278
3254
2826
2898
3170
3286
3002
3182
3238
3786
2806
3378
3510
3342
3258
3338
3298
2890
3326
3226
2490
3318
3302
3470
3282
3034
3570
3274
3682
2874
2878
3382
3258
3246
2942
2966
3426
3194
2878
3254
2514
3354
3310
2834
3278
3170
3698
3250
3258
2762
3406
3194
3254
3994
3282
3294
3174
3258
2794
3566
3070
3290
3158
3122
3250
2846
3318
3202
2794
2958
3202
3450
3322
3230
3674
2362
2990
3230
3390
2378
3258
3298
3278
3282
2978
3006
2814
2798
2858
3234
2846
3310
3710
2358
2762
3250
3306
2730
3266
3250
3170
3698
3386
3290
2726
3294
2274
3254
3266
3314
2854
3186
3234
2910
3238
2946
3238
3058
3314
3278
3254
2874
2978
3722
3726
3246
2498
3390
3250
3254
3254
3330
3010
3210
2830
3242
3486
2982
3214
2954
3270
3278
3214
3362
3322
3162
3230
3350
2550
2910
2770
2762
3162
3686
3262
3302
3210
3154
2378
3430
2814
3270
2330
2774
3502
3258
3274
3698
2550
3238
3302
3234
3446
3278
3458
3386
3246
3462
3362
2378
3270
3290
3278
3298
2858
2786
3258
3378
3282
2926
3290
3374
2902
3298
3542
3370
2266
2754
3170
2958
2906
2938
3282
2806
2954
3038
3138
3374
2782
3302
2326
2938
3754
3234
2886
3394
3274
3338
3190
3290
3286
3210
2762
3682
3938
2886
2882
3246
3218
3162
3342
3298
2790
3030
3246
2818
3382
2318
3282
3298
3290
3322
3322
2762
3290
3662
3142
3306
3202
3262
3722
2698
3278
3710
3190
3678
3238
3286
3178
3690
3742
3174
2974
3246
3186
3330
3314
3306
3370
3274
3422
3414
2870
2814
2834
3458
2766
3310
3242
2346
3214
3382
3022
3334
3258
3158
2754
3222
2818
3502
3554
2802
2466
3522
3370
3350
3202
3314
3278
3254
3310
3710
2994
3298
2914
3258
3678
3302
3230
3358
3730
3322
2530
3350
2734
3266
3290
2946
3234
3694
2810
2838
3290
2910
3250
3298
3286
3002
3282
2362
2794
2898
2878
2366
2766
3254
3254
3238
3262
3198
3278
2474
2794
3242
3522
3242
3338
3338
3326
3326
3202
3258
3254
3286
3674
3338
3250
3234
3290
3210
3278
2794
3238
3366
2762
3330
2946
3694
3490
3226
3258
16438
3302
3186
2806
3254
3254
3314
3254
3222
2794
3162
2906
2826
3258
3146
3186
18258
3154
3438
2722
2814
3302
3226
3226
3246
2566
3230
3478
2838
3442
2306
2994
3198
3094
2790
2762
3202
3242
2606
3338
2950
3450
3450
2770
3274
3146
3366
2990
3182
3718
3466
3190
3846
3374
3434
2934
3154
3250
3418
2942
2958
3182
2738
2310
2502
2918
3386
3742
3450
3410
2842
3270
3286
3198
3250
3266
3242
3178
3262
3226
3342
3286
3310
3390
2994
3702
3394
2794
2694
3150
2978
2326
3278
3622
3158
3286
3294
3286
2734
3470
3326
3566
3302
3686
3350
3142
3202
3102
3342
3302
3506
3262
2514
2954
3746
3310
3218
2650
2922
3294
3918
3270
2962
3698
2798
3266
2794
3390
2774
2794
3250
2502
3250
2918
2822
3522
3230
2742
3246
3250
3006
2846
2798
2658
2826
3270
2834
3306
3270
3250
2794
3782
3262
3294
3382
3658
2794
3274
2838
3910
2314
2418
3446
2306
3014
3262
3210
3298
3406
3258
3602
3286
3298
3170
3306
3182
3294
2822
2766
3914
2794
2954
3266
3262
2974
2926
3270
3226
3278
3266
3286
3270
3474
3362
2774
3002
2998
2762
3322
2846
3326
3018
3334
3250
3734
2814
3318
3258
2214
3286
2946
2858
2866
3274
3270
3234
3206
3226
3386
3678
3690
3438
3222
2306
3210
2874
2746
3218
2950
3730
2802
18398
3210
2978
3262
3230
3170
3346
3450
3410
3386
3510
2274
3690
3234
3202
2826
3214
2726
3610
3162
3450
3286
3330
3294
3014
3450
3386
3162
2758
2970
3278
3214
3206
2890
3734
3242
2778
2282
3934
3294
2666
3062
2766
2302
3314
3326
2854
3250
2966
3294
3298
3250
3218
3242
3402
2754
2830
3482
3302
3278
3686
3318
2962
3674
3270
3174
2914
3302
3290
3202
3242
2750
2898
3230
3006
3814
3414
3226
3326
3206
3198
2490
3250
3226
3206
3270
3270
3262
3962
2942
3138
3434
2862
2062
3298
2858
3274
3682
3014
3254
3178
3226
3358
3146
2966
3674
2922
2750
2918
3294
3270
3194
2934
3490
2982
2758
3250
3282
3274
3230
3666
2946
3234
3714
3226
3258
3474
3654
3682
3306
3390
2942
2774
3722
2910
3330
3382
2758
3198
3614
2778
3278
2790
3230
2986
2314
3170
3230
3250
2786
2754
3282
3218
3274
3310
3342
2722
3710
2490
2962
3230
3278
3226
3242
3270
18426
3178
3034
3242
3650
3214
3722
3022
3270
3282
3258
3670
3274
3698
3458
3278
3246
3234
2766
3158
3242
3154
3222
3234
3570
2746
3166
2810
2998
3290
3298
3262
3310
3266
3410
2562
3658
3214
2802
3682
3274
2266
3426
3526
2374
3302
2786
2538
3382
3222
3406
2978
3230
3274
2914
3394
3466
3234
2974
3346
2318
2510
3218
2914
3446
2998
3442
2910
2738
3334
2330
3382
2918
3222
3026
2726
2802
2770
3414
2798
3254
3298
3554
3230
2458
2334
3278
3942
3298
2370
3666
3250
3474
2810
2934
3294
3210
3218
3262
3242
3210
2726
3282
3366
3410
3150
2838
3222
2318
3206
3266
3274
3390
2818
2978
2726
2806
3374
3182
3290
3214
3754
2810
2882
2938
3674
3462
3414
3390
3162
3662
2954
3266
3218
2922
3282
3162
3286
3422
3214
3226
3414
3166
3150
2786
3362
3222
2526
3174
3346
3278
3154
2998
3310
3714
3278
2810
3586
3298
3354
3818
3222
2842
3178
3218
3258
3198
3230
2826
3262
3338
3158
3686
2750
3270
3174
3154
3262
2806
3250
3414
3222
2930
3226
3014
2810
3454
3286
2766
3306
3398
2342
3746
3482
3234
2838
3398
3690
3162
3346
3262
3278
3178
3258
3214
2718
2974
3446
3122
3182
3674
3494
3230
2986
3462
2770
2778
2266
3142
3218
3274
3258
3326
3482
3222
3666
3354
3318
2314
3194
3254
3222
2278
3218
2926
3170
2718
3234
3230
3794
3210
3678
3230
2982
3174
3238
3222
3254
2678
3390
2922
3326
3186
2758
3650
2734
3318
2950
2242
3310
3534
3270
3694
3242
3642
2950
3694
3458
2742
2806
2834
3242
3238
3406
2962
3226
3310
3322
2974
3282
3246
2950
3254
3246
3246
3206
3310
3302
2866
2910
3250
2894
2326
2306
2986
2870
2274
3290
2910
3010
2938
2482
3446
3134
3594
3246
2774
2814
3330
3690
3358
2526
2806
2790
3274
2282
3122
3206
3042
3526
3762
3230
3250
2926
2782
3494
3318
3274
2798
3546
3230
3282
3214
3262
18638
3062
3158
3262
2294
2310
3222
3294
3166
3394
2946
3274
2814
2286
2638
3462
3318
3254
3146
3410
2950
3286
2910
3274
2942
3262
3318
2762
2686
2770
3150
3678
3170
3206
3666
3210
2822
3174
2450
2298
3266
2858
3286
3366
3942
2794
3206
3030
3358
3250
3274
3914
3078
3002
3282
3370
3190
3286
2762
3298
3646
3226
2926
3334
3214
3670
2938
3242
2974
2522
2918
3706
3354
2950
2938
3226
2266
3218
3286
3134
2818
3426
3326
3630
2782
3290
3446
2842
3030
2858
2774
3162
3138
3438
3026
3222
3154
3250
3622
3326
3298
3170
3310
3742
3462
3138
3210
2826
3222
3258
2498
2966
2994
3234
3290
3186
2954
3326
3238
3330
3022
3854
3282
3150
3326
3050
2854
3610
2942
3230
3382
3434
3230
2898
3638
2974
3282
3246
3278
2866
3358
2994
3270
2902
3322
3382
2814
3410
3314
3238
3306
2338
2730
2998
3182
3266
3394
2950
3258
2326
2874
2834
3254
2846
3178
3326
3326
3474
3290
3318
3350
3438
2910
3298
2814
3314
3198
3214
3210
3050
2546
2818
3350
3314
3290
2798
3186
2970
3446
2974
2718
3290
3158
3278
2934
3098
2798
3794
3622
3278
3314
3294
2510
2910
3978
2466
3602
3282
2538
3294
3330
3298
3670
2862
3258
3178
3242
3274
3694
3266
3306
3210
2762
2286
2982
2798
3290
3822
3206
3234
2902
2990
3274
2770
3134
3694
2774
3238
3238
2214
3342
3390
2054
3146
3282
3206
3742
3174
3394
3270
2994
3746
3338
3702
3378
3370
2810
3350
3278
2726
3414
2750
2794
3698
3574
3062
3330
3714
3478
2794
3242
3194
3310
3258
2834
2362
3234
3278
2706
3302
3282
2922
3310
2794
2818
2422
3162
3150
3322
2318
3222
3658
3002
2938
3178
2834
3278
2990
3242
3442
3290
2350
3274
3230
2790
3330
2830
3202
2774
3166
3178
3414
3326
3694
3002
3226
3270
3190
18402
3210
3166
3286
3214
3670
3250
2794
3238
3294
3298
3246
3210
3662
3686
3170
3302
3310
3690
3290
3466
3150
3198
3270
3066
3198
2342
2794
3282
3174
3002
3254
3214
3294
3286
3210
3370
3310
2290
3178
3446
3178
3182
3874
2978
3254
3218
3254
2526
3258
3738
3266
2766
3238
3270
2794
2918
3218
3694
3158
3250
2810
2346
3142
3294
2318
3458
3778
3414
3514
3150
3262
3550
3314
2778
3262
2798
3378
3674
3250
3302
2522
3274
3050
3354
3278
3234
3730
3282
2822
3310
3238
3022
3270
2274
2766
2930
3446
2730
3358
2782
3454
2798
2846
3378
3234
3218
16466
3238
3310
3302
3562
3266
3362
3306
3234
2750
2786
3266
3006
3258
2910
3270
3510
2318
3170
3214
3562
3210
3242
3226
2850
2766
2802
3350
3686
3018
3242
3246
2806
3226
3250
3226
3130
2422
2834
3314
3226
3182
3326
2770
2410
3434
3278
2770
3046
2834
2258
3034
2522
2822
3282
3290
3346
3706
14902
3330
3374
3822
3242
2982
3162
3262
2966
3250
3242
3266
2998
3142
3282
3194
3302
3210
3250
3754
2750
2834
2970
2810
3210
3226
3186
3330
2730
3270
3286
2770
3666
3310
3190
3206
3282
3138
3418
3214
2834
3302
2754
3302
3334
3010
2806
2438
3218
3318
3698
3382
3342
3478
3250
3378
3298
3686
3358
3318
3198
3130
3166
3246
3282
3262
3174
3214
3314
3162
3286
3338
3190
2714
3074
2954
3462
3270
3250
3306
2466
3278
3274
3858
2482
3702
3478
3134
3262
3394
2926
3282
2802
3322
2890
3278
3210
3346
3638
2902
3290
3246
3222
3298
3298
2902
3258
3270
3258
3554
2898
3662
3466
3306
3246
2286
3254
3174
3430
3210
3470
3282
3210
2914
3358
3162
2990
3278
3698
3230
3246
3226
3246
3194
3442
3306
3454
3730
2746
3422
2922
2978
3214
3226
3270
3318
2794
3742
2822
3254
3210
3138
3250
3526
2790
3114
3170
3290
3270
2958
3270
3298
3278
3218
3282
3270
2754
3458
3538
3174
2998
3266
2794
2990
3242
3338
3210
3130
2926
2834
3214
2942
2742
2922
2814
3658
3726
3054
3466
3322
3454
2482
3158
3782
2334
4070
3306
3166
3254
3250
2358
3534
3398
2770
3354
3662
3846
3318
3214
3578
3274
3374
2890
3746
2806
3342
3030
2706
3286
2782
3210
3218
3274
3686
3242
18886
2938
3662
3162
3302
3442
3306
3446
2346
3178
3182
3254
3306
3266
3486
2766
3278
3278
3278
2290
3190
3414
3162
2362
2950
2906
2862
3234
3214
2958
2590
2790
2934
2562
3294
2882
2986
3578
3306
2906
3242
2842
2794
2898
3258
3250
16346
3310
2262
3230
2914
3038
3246
2750
2774
3218
3350
3018
3270
2934
3238
2714
2926
2718
2938
3282
2802
3234
3474
3182
2754
3734
2742
2914
3298
2766
2778
2742
2882
3234
3238
3314
3250
3354
5414
3678
3418
3190
3026
3210
3214
3206
2550
3218
3478
3414
3646
2958
3266
2090
3322
3466
3170
3230
2734
3506
3254
3458
3198
3010
3258
3486
2930
2726
3510
3338
3254
3226
2790
3170
2822
3166
3250
2810
2646
2746
3698
3258
3254
2922
2802
3406
3366
3202
3494
3406
3246
3370
7298
2730
2882
3282
3162
3210
2850
2878
3286
3146
3690
2842
3330
3030
3218
3698
3314
2890
2806
3270
3234
3278
2942
3138
3198
3354
2270
3258
3666
3186
3298
3482
2870
3334
2266
2806
3474
3678
2818
3366
2834
2918
3642
2738
3242
3202
3366
3270
3330
3418
3966
3158
2822
3230
3686
2754
3242
3238
2762
3314
3398
3254
3334
3438
3666
3338
3270
2958
3670
3734
3226
3226
3246
2898
3226
2938
2930
3522
